root 0.0000 0.0000 0.0000 0.0000 0.0000 0.0000 1.0000  1.0000  1.0000  1.0000
pelvis 0.0000 2.2809 95.8968 0.0224 -0.7068 -0.0224 0.7068  1.0000  1.0000  1.0000
spine_01 0.0000 2.0479 99.5664 -0.0667 -0.7040 0.0667 0.7040  1.0000  1.0000  1.0000
spine_02 0.0000 3.3239 106.2406 -0.0454 -0.7056 0.0454 0.7056  1.0000  1.0000  1.0000
spine_03 0.0000 4.2512 113.4192 0.0221 -0.7068 -0.0221 0.7068  1.0000  1.0000  1.0000
spine_04 0.0000 3.7180 121.9264 0.0583 -0.7047 -0.0583 0.7047  1.0000  1.0000  1.0000
spine_05 0.0000 0.5251 141.1022 0.0625 -0.7043 -0.0625 0.7043  1.0000  1.0000  1.0000
neck_01 0.0000 -1.5667 152.8045 -0.0849 -0.7020 0.0849 0.7020  1.0000  1.0000  1.0000
neck_02 0.0000 -0.3483 157.7674 -0.0732 -0.7033 0.0732 0.7033  1.0000  1.0000  1.0000
head 0.0000 0.6631 162.5751 0.0000 -0.7071 -0.0000 0.7071  1.0000  1.0000  1.0000
clavicle_l 1.4279 -1.7398 146.3011 -0.0000 0.0765 -0.0230 0.9968  1.0000  1.0000  1.0000
upperarm_l 19.0099 -2.5572 143.5835 0.0295 0.6075 -0.0078 0.7938  1.0000  1.0000  1.0000
lowerarm_l 26.2813 -1.9070 116.7891 0.0283 0.6103 0.1030 0.7850  1.0000  1.0000  1.0000
lowerarm_twist_02_l 28.4060 -0.1245 108.1391 0.0101 0.5977 0.0958 0.7959  1.0000  1.0000  1.0000
lowerarm_twist_01_l 30.5307 1.6579 99.4892 0.0101 0.5977 0.0958 0.7959  1.0000  1.0000  1.0000
hand_l 32.6554 3.4404 90.8392 0.4484 0.5658 -0.2709 0.6367  1.0000  1.0000  1.0000
index_metacarpal_l 32.5809 6.2615 87.7232 0.4502 0.6096 -0.2207 0.6140  1.0000  1.0000  1.0000
index_01_l 33.6143 7.6744 82.1075 0.3173 0.6881 -0.3405 0.5566  1.0000  1.0000  1.0000
index_02_l 32.8839 7.9098 78.1003 0.2255 0.7235 -0.4098 0.5078  1.0000  1.0000  1.0000
index_03_l 31.8909 7.6765 75.7143 0.1453 0.7437 -0.4627 0.4601  1.0000  1.0000  1.0000
middle_metacarpal_l 33.9296 4.4891 87.7939 0.4831 0.5458 -0.2790 0.6251  1.0000  1.0000  1.0000
middle_01_l 35.4445 5.5780 81.9880 0.3164 0.6567 -0.4386 0.5256  1.0000  1.0000  1.0000
middle_02_l 34.1670 5.3429 76.9849 0.1929 0.7030 -0.5261 0.4380  1.0000  1.0000  1.0000
middle_03_l 32.8262 4.8735 74.9594 0.1309 0.7171 -0.5623 0.3905  1.0000  1.0000  1.0000
thumb_01_l 30.6907 5.4177 88.6702 0.1648 0.7815 0.2835 0.5307  1.0000  1.0000  1.0000
thumb_02_l 29.0167 7.8627 85.4474 -0.0114 0.7832 0.1949 0.5903  1.0000  1.0000  1.0000
thumb_03_l 28.0819 8.5177 82.5802 -0.0796 0.7793 0.1427 0.6050  1.0000  1.0000  1.0000
pinky_metacarpal_l 34.7641 2.0184 87.6255 0.4836 0.3880 -0.5039 0.6014  1.0000  1.0000  1.0000
pinky_01_l 35.8562 1.0710 82.8771 0.3824 0.5007 -0.5315 0.5663  1.0000  1.0000  1.0000
pinky_02_l 35.6034 0.2350 79.1624 0.2833 0.5627 -0.6269 0.4584  1.0000  1.0000  1.0000
pinky_03_l 34.7481 -0.2870 77.3855 0.2589 0.5743 -0.6460 0.4311  1.0000  1.0000  1.0000
ring_metacarpal_l 34.3580 3.2751 87.6855 0.5044 0.4517 -0.3623 0.6405  1.0000  1.0000  1.0000
ring_01_l 36.2514 3.2575 82.3667 0.3427 0.5922 -0.4811 0.5481  1.0000  1.0000  1.0000
ring_02_l 35.4332 2.6528 77.4949 0.2404 0.6406 -0.5648 0.4613  1.0000  1.0000  1.0000
ring_03_l 34.3941 2.1701 75.5410 0.1885 0.6577 -0.5999 0.4147  1.0000  1.0000  1.0000
upperarm_twist_01_l 21.4337 -2.3405 134.6520 0.0311 0.5924 -0.0062 0.8050  1.0000  1.0000  1.0000
upperarm_twist_02_l 23.8575 -2.1237 125.7206 0.0295 0.6075 -0.0078 0.7938  1.0000  1.0000  1.0000
clavicle_r -1.4279 -1.7398 146.3010 0.9968 0.0230 0.0765 0.0000  1.0000  1.0000  1.0000
upperarm_r -19.0099 -2.5573 143.5830 0.7938 0.0078 0.6075 -0.0295  1.0000  1.0000  1.0000
lowerarm_r -26.2812 -1.9071 116.7890 0.7850 -0.1030 0.6103 -0.0283  1.0000  1.0000  1.0000
lowerarm_twist_02_r -28.4059 -0.1246 108.1391 0.7959 -0.0958 0.5977 -0.0101  1.0000  1.0000  1.0000
lowerarm_twist_01_r -30.5306 1.6579 99.4892 0.7959 -0.0958 0.5977 -0.0101  1.0000  1.0000  1.0000
hand_r -32.6553 3.4403 90.8392 0.6367 0.2709 0.5658 -0.4484  1.0000  1.0000  1.0000
pinky_metacarpal_r -34.7641 2.0182 87.6252 0.6014 0.5039 0.3880 -0.4836  1.0000  1.0000  1.0000
pinky_01_r -35.8563 1.0710 82.8771 0.5663 0.5315 0.5007 -0.3824  1.0000  1.0000  1.0000
pinky_02_r -35.6035 0.2351 79.1623 0.4584 0.6269 0.5627 -0.2833  1.0000  1.0000  1.0000
pinky_03_r -34.7482 -0.2870 77.3854 0.4311 0.6460 0.5743 -0.2589  1.0000  1.0000  1.0000
ring_metacarpal_r -34.3583 3.2752 87.6857 0.6405 0.3623 0.4517 -0.5045  1.0000  1.0000  1.0000
ring_01_r -36.2516 3.2576 82.3667 0.5481 0.4811 0.5922 -0.3427  1.0000  1.0000  1.0000
ring_02_r -35.4334 2.6528 77.4948 0.4613 0.5648 0.6406 -0.2404  1.0000  1.0000  1.0000
ring_03_r -34.3943 2.1701 75.5409 0.4147 0.5999 0.6577 -0.1885  1.0000  1.0000  1.0000
middle_metacarpal_r -33.9299 4.4892 87.7940 0.6251 0.2790 0.5458 -0.4831  1.0000  1.0000  1.0000
middle_01_r -35.4447 5.5781 81.9880 0.5256 0.4386 0.6567 -0.3164  1.0000  1.0000  1.0000
middle_02_r -34.1671 5.3429 76.9849 0.4380 0.5261 0.7030 -0.1929  1.0000  1.0000  1.0000
middle_03_r -32.8263 4.8735 74.9593 0.3905 0.5623 0.7171 -0.1309  1.0000  1.0000  1.0000
index_metacarpal_r -32.5812 6.2617 87.7233 0.6140 0.2207 0.6096 -0.4502  1.0000  1.0000  1.0000
index_01_r -33.6145 7.6744 82.1075 0.5566 0.3405 0.6881 -0.3173  1.0000  1.0000  1.0000
index_02_r -32.8841 7.9098 78.1004 0.5078 0.4098 0.7235 -0.2255  1.0000  1.0000  1.0000
index_03_r -31.8910 7.6766 75.7142 0.4601 0.4627 0.7437 -0.1453  1.0000  1.0000  1.0000
thumb_01_r -30.6908 5.4175 88.6698 0.5307 -0.2835 0.7815 -0.1648  1.0000  1.0000  1.0000
thumb_02_r -29.0169 7.8628 85.4473 0.5903 -0.1949 0.7832 0.0114  1.0000  1.0000  1.0000
thumb_03_r -28.0821 8.5178 82.5802 0.6050 -0.1427 0.7793 0.0796  1.0000  1.0000  1.0000
upperarm_twist_01_r -21.4337 -2.3405 134.6517 0.8050 0.0062 0.5924 -0.0311  1.0000  1.0000  1.0000
upperarm_twist_02_r -23.8576 -2.1238 125.7204 0.7938 0.0078 0.6075 -0.0295  1.0000  1.0000  1.0000
thigh_r -9.9691 2.5500 93.5434 0.6857 0.0537 -0.7241 0.0500  1.0000  1.0000  1.0000
calf_r -12.3322 2.6052 50.2666 0.6874 0.0237 -0.7213 0.0815  1.0000  1.0000  1.0000
foot_r -14.0876 -0.9848 8.2382 0.7059 0.0414 -0.7042 0.0636  1.0000  1.0000  1.0000
ball_r -15.7777 13.9383 0.7514 0.5284 -0.4699 -0.4530 0.5430  1.0000  1.0000  1.0000
calf_twist_02_r -12.9546 1.4030 36.2592 0.6883 0.0398 -0.7214 0.0646  1.0000  1.0000  1.0000
calf_twist_01_r -13.5770 0.2008 22.2518 0.6883 0.0398 -0.7214 0.0646  1.0000  1.0000  1.0000
thigh_twist_01_r -10.7568 2.5684 79.1178 0.6879 0.0460 -0.7220 0.0581  1.0000  1.0000  1.0000
thigh_twist_02_r -11.5445 2.5868 64.6922 0.6879 0.0460 -0.7220 0.0581  1.0000  1.0000  1.0000
thigh_l 9.9692 2.5406 93.5428 -0.0500 -0.7241 -0.0537 0.6857  1.0000  1.0000  1.0000
calf_l 12.3323 2.5957 50.2660 -0.0815 -0.7213 -0.0237 0.6874  1.0000  1.0000  1.0000
foot_l 14.0877 -0.9943 8.2376 -0.0636 -0.7042 -0.0414 0.7059  1.0000  1.0000  1.0000
ball_l 15.7779 13.9288 0.7508 -0.5430 -0.4530 0.4699 0.5284  1.0000  1.0000  1.0000
calf_twist_02_l 12.9174 1.3991 36.2565 -0.0646 -0.7214 -0.0398 0.6883  1.0000  1.0000  1.0000
calf_twist_01_l 13.5771 0.1914 22.2511 -0.0646 -0.7214 -0.0398 0.6883  1.0000  1.0000  1.0000
thigh_twist_01_l 10.7569 2.5590 79.1172 -0.0581 -0.7220 -0.0460 0.6879  1.0000  1.0000  1.0000
thigh_twist_02_l 11.5446 2.5773 64.6916 -0.0581 -0.7220 -0.0460 0.6879  1.0000  1.0000  1.0000
ik_foot_root 0.0000 0.0000 0.0000 0.0000 0.0000 0.0000 1.0000  1.0000  1.0000  1.0000
ik_foot_l 14.0877 -0.9943 8.2376 -0.0636 -0.7042 -0.0414 0.7059  1.0000  1.0000  1.0000
ik_foot_r -14.0876 -0.9848 8.2382 0.7059 0.0414 -0.7042 0.0636  1.0000  1.0000  1.0000
ik_hand_root 0.0000 0.0000 0.0000 0.0000 0.0000 0.0000 1.0000  1.0000  1.0000  1.0000
ik_hand_gun -47.7683 15.6988 104.4664 -0.5985 -0.0096 -0.5206 0.6089  1.0000  1.0000  1.0000
ik_hand_l 47.7686 15.6989 104.4665 -0.6089 -0.5206 0.0096 -0.5985  1.0000  1.0000  1.0000
ik_hand_r -47.7683 15.6988 104.4664 -0.5985 -0.0096 -0.5206 0.6089  1.0000  1.0000  1.0000
interaction 0.0000 0.0000 0.0000 0.0000 0.0000 0.0000 1.0000  1.0000  1.0000  1.0000
center_of_mass 0.0000 0.0000 0.0000 0.0000 0.0000 0.0000 1.0000  1.0000  1.0000  1.0000
