root -50.0000 -899.9999 18.0000 -0.0000 0.0000 0.0000
pelvis -50.0000 -897.7191 113.8968 -89.9999 86.3669 -89.9999
spine_01 -50.0000 -897.9521 117.5665 90.0000 79.1758 90.0000
spine_02 -50.0000 -896.6760 124.2407 90.0000 82.6403 90.0000
spine_03 -50.0000 -895.7488 131.4192 -89.9999 86.4137 -89.9999
spine_04 -50.0000 -896.2820 139.9264 -89.9995 80.5467 -90.0000
spine_05 -50.0000 -899.4748 159.1023 -90.0000 79.8653 -90.0000
neck_01 -50.0000 -901.5667 170.8045 90.0000 76.2063 90.0000
neck_02 -50.0000 -900.3482 175.7674 89.9999 78.1198 90.0000
head -50.0000 -899.3368 180.5751 0.0000 90.0000 0.0000
clavicle_l -48.5721 -901.7398 164.3011 0.2088 -8.7770 -2.6619
upperarm_l -30.9901 -902.5572 161.5835 -8.1619 -74.7591 5.1100
lowerarm_l -23.7188 -901.9069 134.7891 -33.8630 -72.2230 39.9937
lowerarm_twist_02_l -21.5940 -900.1245 126.1392 -24.6074 -71.7131 31.6451
lowerarm_twist_01_l -19.4693 -898.3420 117.4892 -24.6074 -71.7131 31.6451
hand_l -17.3446 -896.5596 108.8393 -99.1043 -74.4609 37.3292
index_metacarpal_l -17.4191 -893.7384 105.7233 -117.6309 -71.3249 60.1596
index_01_l -16.3857 -892.3255 100.1076 142.1435 -79.1591 162.1397
index_02_l -17.1161 -892.0902 96.1004 112.1957 -66.8527 -166.7819
index_03_l -18.1092 -892.3234 93.7143 104.9902 -54.9615 -158.5836
middle_metacarpal_l -16.0704 -895.5108 105.7939 -101.8263 -72.1856 35.7082
middle_01_l -14.5555 -894.4219 99.9881 104.4477 -75.4451 -169.5685
middle_02_l -15.8331 -894.6571 94.9850 96.2689 -54.9562 -160.7052
middle_03_l -17.1739 -895.1265 92.9595 95.0876 -45.0044 -159.1684
thumb_01_l -19.3093 -894.5823 106.6702 -114.0587 -47.4031 124.3984
thumb_02_l -20.9833 -892.1373 103.4474 -127.8975 -68.2921 144.9788
thumb_03_l -21.9181 -891.4822 100.5803 -150.9676 -74.9390 169.2142
pinky_metacarpal_l -15.2360 -897.9816 105.6256 -39.5199 -72.5624 -50.3714
pinky_01_l -14.1438 -898.9289 100.8772 25.6663 -76.7690 -106.8268
pinky_02_l -14.3967 -899.7649 97.1625 65.1663 -60.5809 -148.5991
pinky_03_l -15.2520 -900.2870 95.3855 68.3151 -56.0614 -152.2960
ring_metacarpal_l -15.6420 -896.7248 105.6855 -75.4150 -70.7624 -1.4552
ring_01_l -13.7486 -896.7424 100.3668 71.8368 -78.2038 -143.5308
ring_02_l -14.5668 -897.3472 95.4949 82.7626 -59.6127 -155.0832
ring_03_l -15.6059 -897.8299 93.5411 84.2498 -50.5025 -156.8916
upperarm_twist_01_l -28.5663 -902.3404 152.6521 -8.2239 -72.5812 5.1682
upperarm_twist_02_l -26.1425 -902.1237 143.7206 -8.1619 -74.7591 5.1100
clavicle_r -51.4279 -901.7398 164.3010 -179.7912 8.7770 2.6619
upperarm_r -69.0099 -902.5572 161.5830 171.8381 74.7591 -5.1100
lowerarm_r -76.2812 -901.9070 134.7891 146.1369 72.2230 -39.9937
lowerarm_twist_02_r -78.4059 -900.1245 126.1391 155.3926 71.7131 -31.6451
lowerarm_twist_01_r -80.5306 -898.3421 117.4892 155.3926 71.7131 -31.6451
hand_r -82.6554 -896.5596 108.8392 80.8957 74.4608 -37.3292
pinky_metacarpal_r -84.7641 -897.9817 105.6253 140.4800 72.5624 50.3713
pinky_01_r -85.8563 -898.9289 100.8771 -154.3337 76.7690 106.8268
pinky_02_r -85.6035 -899.7649 97.1624 -114.8337 60.5810 148.5991
pinky_03_r -84.7483 -900.2870 95.3855 -111.6849 56.0614 152.2960
ring_metacarpal_r -84.3583 -896.7247 105.6857 104.5850 70.7624 1.4552
ring_01_r -86.2516 -896.7423 100.3668 -108.1631 78.2038 143.5308
ring_02_r -85.4334 -897.3472 95.4948 -97.2373 59.6127 155.0832
ring_03_r -84.3944 -897.8298 93.5410 -95.7502 50.5025 156.8917
middle_metacarpal_r -83.9299 -895.5107 105.7940 78.1736 72.1856 -35.7082
middle_01_r -85.4447 -894.4218 99.9880 -75.5523 75.4452 169.5686
middle_02_r -84.1671 -894.6571 94.9849 -83.7311 54.9562 160.7052
middle_03_r -82.8264 -895.1264 92.9594 -84.9124 45.0045 159.1685
index_metacarpal_r -82.5812 -893.7383 105.7234 62.3691 71.3249 -60.1596
index_01_r -83.6145 -892.3255 100.1075 -37.8564 79.1591 -162.1396
index_02_r -82.8841 -892.0902 96.1004 -67.8042 66.8527 166.7820
index_03_r -81.8911 -892.3234 93.7142 -75.0097 54.9615 158.5837
thumb_01_r -80.6908 -894.5825 106.6698 65.9413 47.4031 -124.3983
thumb_02_r -79.0169 -892.1372 103.4474 52.1025 68.2921 -144.9787
thumb_03_r -78.0821 -891.4822 100.5803 29.0325 74.9390 -169.2141
upperarm_twist_01_r -71.4338 -902.3405 152.6517 171.7760 72.5812 -5.1682
upperarm_twist_02_r -73.8576 -902.1237 143.7204 171.8381 74.7591 -5.1100
thigh_r -59.9691 -897.4499 111.5434 9.7472 -86.8736 178.6633
calf_r -62.3323 -897.3948 68.2667 -55.3981 -84.5686 -116.0567
foot_r -64.0876 -900.9847 26.2383 -89.9553 -88.1917 -81.5272
ball_r -65.7777 -886.0617 18.7515 -89.9986 1.8083 -81.4825
calf_twist_02_r -62.9546 -898.5970 54.2592 -32.6479 -86.6467 -138.8792
calf_twist_01_r -63.5770 -899.7991 40.2518 -32.6479 -86.6467 -138.8792
thigh_twist_01_r -60.7568 -897.4315 97.1178 -15.3822 -87.0720 -156.1704
thigh_twist_02_r -61.5445 -897.4132 82.6923 -15.3822 -87.0720 -156.1704
thigh_l -40.0308 -897.4593 111.5428 -170.2533 86.8736 -178.6639
calf_l -37.6677 -897.4042 68.2660 124.6016 84.5685 116.0564
foot_l -35.9124 -900.9942 26.2377 90.0444 88.1917 81.5270
ball_l -34.2222 -886.0711 18.7509 90.0014 -1.8083 81.4825
calf_twist_02_l -37.0826 -898.6009 54.2566 147.3516 86.6467 138.8787
calf_twist_01_l -36.4229 -899.8086 40.2512 147.3516 86.6467 138.8787
thigh_twist_01_l -39.2431 -897.4410 97.1172 164.6172 87.0720 156.1697
thigh_twist_02_l -38.4554 -897.4226 82.6916 164.6172 87.0720 156.1697
ik_foot_root -50.0000 -899.9999 18.0000 -0.0000 0.0000 0.0000
ik_foot_l -35.9124 -900.9942 26.2377 90.0447 88.1917 81.5273
ik_foot_r -64.0876 -900.9848 26.2383 -89.9555 -88.1917 -81.5271
ik_hand_root -50.0000 -899.9999 18.0000 -0.0000 0.0000 0.0000
ik_hand_gun -97.7683 -884.3011 122.4665 68.4731 39.4101 -53.6665
ik_hand_l -2.2314 -884.3011 122.4666 -111.5269 -39.4101 53.6665
ik_hand_r -97.7683 -884.3011 122.4665 68.4731 39.4101 -53.6665
interaction -50.0000 -899.9999 18.0000 -0.0000 0.0000 0.0000
center_of_mass -50.0000 -899.9999 18.0000 -0.0000 0.0000 0.0000
