root 0.0000 0.0000 0.0000 0.0000 0.0000 0.0000 1.0000  1.0000  1.0000  1.0000
pelvis 3.2548 -9.2539 93.9053 0.3069 -0.7169 -0.0660 0.6225  1.0000  1.0000  1.0000
spine_01 3.1205 -11.1739 97.0384 0.1322 -0.7551 0.0816 0.6369  1.0000  1.0000  1.0000
spine_02 1.4756 -12.1984 107.5570 0.0433 -0.7469 0.1477 0.6469  1.0000  1.0000  1.0000
spine_03 0.3807 -11.3292 114.2835 0.0370 -0.7366 0.1301 0.6626  1.0000  1.0000  1.0000
spine_04 -0.5967 -10.3608 122.3762 0.0160 -0.7206 0.1241 0.6820  1.0000  1.0000  1.0000
spine_05 -1.9441 -7.5170 141.5596 0.0176 -0.7206 0.1226 0.6823  1.0000  1.0000  1.0000
neck_01 -2.2968 -5.0635 155.1287 -0.2081 -0.6741 0.2497 0.6633  1.0000  1.0000  1.0000
neck_02 -2.4466 -2.3315 158.6571 -0.2127 -0.6661 0.2652 0.6639  1.0000  1.0000  1.0000
head -2.5638 0.3324 161.8912 -0.1140 -0.6880 0.1529 0.7002  1.0000  1.0000  1.0000
clavicle_l -0.6468 -7.3509 148.9562 -0.0887 -0.1260 0.0030 0.9881  1.0000  1.0000  1.0000
upperarm_l 19.4435 -6.7624 154.1117 0.0038 0.2522 -0.0434 0.9667  1.0000  1.0000  1.0000
lowerarm_l 44.1841 -9.0941 140.2208 0.2087 0.1419 0.7643 0.5934  1.0000  1.0000  1.0000
lowerarm_twist_02_l 42.2883 -0.3164 141.5888 0.2091 0.1401 0.7638 0.5943  1.0000  1.0000  1.0000
lowerarm_twist_01_l 40.3924 8.4613 142.9568 0.2091 0.1401 0.7638 0.5943  1.0000  1.0000  1.0000
hand_l 38.2446 18.4056 144.5066 0.6960 0.6125 0.3664 0.0781  1.0000  1.0000  1.0000
index_metacarpal_l 36.9885 20.7426 148.0150 0.6730 0.6004 0.4281 0.0565  1.0000  1.0000  1.0000
index_01_l 36.5587 26.3782 151.0914 0.6194 0.6149 0.4753 0.1110  1.0000  1.0000  1.0000
index_02_l 35.7999 29.5412 152.7406 0.3070 0.8067 0.4053 0.3012  1.0000  1.0000  1.0000
index_03_l 34.0937 31.5439 152.0984 0.0777 0.8511 0.3348 0.3968  1.0000  1.0000  1.0000
middle_metacarpal_l 38.7134 21.5295 146.6592 0.7108 0.6115 0.3446 0.0449  1.0000  1.0000  1.0000
middle_01_l 38.8113 27.5509 149.5680 0.5926 0.7269 0.3230 0.1266  1.0000  1.0000  1.0000
middle_02_l 37.3688 32.6743 150.6477 0.2014 0.9177 0.2256 0.2578  1.0000  1.0000  1.0000
middle_03_l 35.7111 33.6991 149.8413 -0.1064 0.9339 0.1254 0.3176  1.0000  1.0000  1.0000
thumb_01_l 35.7081 19.5949 146.3290 0.3402 0.2449 0.9053 0.0692  1.0000  1.0000  1.0000
thumb_02_l 32.5675 20.8032 148.7374 0.2951 0.2659 0.8857 0.2404  1.0000  1.0000  1.0000
thumb_03_l 30.0723 22.8510 150.1250 0.2467 0.3091 0.8378 0.3763  1.0000  1.0000  1.0000
pinky_metacarpal_l 40.1200 22.7303 144.3040 0.7155 0.6913 0.0810 0.0594  1.0000  1.0000  1.0000
pinky_01_l 40.3881 27.9292 144.7151 0.5151 0.8478 0.0145 0.1256  1.0000  1.0000  1.0000
pinky_02_l 38.1846 32.3431 143.7184 -0.0897 0.9929 -0.0501 0.0595  1.0000  1.0000  1.0000
pinky_03_l 35.9156 31.9153 143.4647 -0.4930 0.8668 -0.0614 -0.0439  1.0000  1.0000  1.0000
ring_metacarpal_l 39.3944 22.1075 145.5295 0.7492 0.6220 0.2225 0.0482  1.0000  1.0000  1.0000
ring_01_l 40.2395 28.1790 147.3123 0.5103 0.8359 0.1705 0.1089  1.0000  1.0000  1.0000
ring_02_l 37.5854 33.3657 147.2648 -0.0568 0.9817 0.0863 0.1599  1.0000  1.0000  1.0000
ring_03_l 36.0909 33.2325 146.7512 -0.2870 0.9471 0.0392 0.1384  1.0000  1.0000  1.0000
upperarm_twist_01_l 27.4882 -7.5205 149.5949 0.0037 0.2502 -0.0435 0.9672  1.0000  1.0000  1.0000
upperarm_twist_02_l 35.5328 -8.2787 145.0781 0.0038 0.2522 -0.0434 0.9667  1.0000  1.0000  1.0000
clavicle_r -3.4172 -7.6651 148.9631 0.9635 -0.0050 -0.2312 0.1351  1.0000  1.0000  1.0000
upperarm_r -21.9477 -6.1688 158.1800 0.9818 -0.1301 0.1121 -0.0817  1.0000  1.0000  1.0000
lowerarm_r -48.7377 1.6233 152.5186 0.6225 -0.7709 0.0150 -0.1343  1.0000  1.0000  1.0000
lowerarm_twist_02_r -47.0219 10.3779 154.2294 0.6232 -0.7703 0.0131 -0.1348  1.0000  1.0000  1.0000
lowerarm_twist_01_r -45.3061 19.1324 155.9401 0.6232 -0.7703 0.0131 -0.1348  1.0000  1.0000  1.0000
hand_r -43.3624 29.0500 157.8782 0.0596 -0.7479 0.4622 -0.4727  1.0000  1.0000  1.0000
pinky_metacarpal_r -43.4998 32.6069 160.9759 0.0844 -0.5215 0.6214 -0.5786  1.0000  1.0000  1.0000
pinky_01_r -41.7979 36.6684 163.7816 0.3027 -0.3816 0.7751 -0.4025  1.0000  1.0000  1.0000
pinky_02_r -39.3182 40.9715 162.9658 0.5081 -0.2374 0.8256 -0.0622  1.0000  1.0000  1.0000
pinky_03_r -38.2129 41.7708 161.0853 0.6093 -0.1576 0.7721 0.0881  1.0000  1.0000  1.0000
ring_metacarpal_r -42.4449 31.4652 160.9435 0.0310 -0.6388 0.5256 -0.5610  1.0000  1.0000  1.0000
ring_01_r -40.0991 35.4474 165.3480 0.2814 -0.5477 0.7206 -0.3188  1.0000  1.0000  1.0000
ring_02_r -36.3794 39.9201 165.0195 0.4905 -0.4229 0.7592 -0.0651  1.0000  1.0000  1.0000
ring_03_r -35.5699 40.7349 163.9259 0.5944 -0.3237 0.7317 0.0805  1.0000  1.0000  1.0000
middle_metacarpal_r -41.4641 30.4114 160.9042 0.0269 -0.7310 0.4801 -0.4842  1.0000  1.0000  1.0000
middle_01_r -37.9214 33.7841 165.4653 0.1697 -0.7215 0.5823 -0.3341  1.0000  1.0000  1.0000
middle_02_r -34.0159 37.2273 167.0105 0.4324 -0.6127 0.6500 -0.1231  1.0000  1.0000  1.0000
middle_03_r -32.7591 38.6822 166.1431 0.4770 -0.5643 0.6728 -0.0378  1.0000  1.0000  1.0000
index_metacarpal_r -39.6373 29.1373 160.2164 0.0384 -0.7900 0.4399 -0.4255  1.0000  1.0000  1.0000
index_01_r -35.7257 32.1372 164.3530 0.1036 -0.8264 0.4335 -0.3442  1.0000  1.0000  1.0000
index_02_r -33.0211 33.8497 166.0999 0.3809 -0.7415 0.5297 -0.1565  1.0000  1.0000  1.0000
index_03_r -31.2311 35.8286 165.6358 0.4653 -0.6872 0.5529 -0.0740  1.0000  1.0000  1.0000
thumb_01_r -40.0244 29.2170 157.8406 0.0122 -0.9985 -0.0280 -0.0452  1.0000  1.0000  1.0000
thumb_02_r -35.9048 29.3070 158.2170 0.2446 -0.9661 -0.0490 -0.0662  1.0000  1.0000  1.0000
thumb_03_r -32.8427 30.9446 158.7508 0.3542 -0.9265 -0.0599 -0.1117  1.0000  1.0000  1.0000
upperarm_twist_01_r -30.6587 -3.6351 156.3393 0.9820 -0.1298 0.1101 -0.0820  1.0000  1.0000  1.0000
upperarm_twist_02_r -39.3698 -1.1015 154.4985 0.9818 -0.1301 0.1121 -0.0817  1.0000  1.0000  1.0000
thigh_r -5.8456 -10.5459 89.3768 -0.5675 -0.4084 0.7044 0.1224  1.0000  1.0000  1.0000
calf_r -19.9767 17.0148 59.0587 -0.6708 0.1969 0.5293 -0.4807  1.0000  1.0000  1.0000
foot_r -4.6852 -15.6211 37.0718 -0.6217 0.2201 0.5709 -0.4889  1.0000  1.0000  1.0000
ball_r -6.7623 -14.7842 20.4407 -0.2798 0.6032 0.0404 -0.7458  1.0000  1.0000  1.0000
calf_twist_02_r -14.9251 6.1141 51.7309 -0.6697 0.1974 0.5314 -0.4797  1.0000  1.0000  1.0000
calf_twist_01_r -9.8735 -4.7866 44.4031 -0.6697 0.1974 0.5314 -0.4797  1.0000  1.0000  1.0000
thigh_twist_01_r -10.5560 -1.3590 79.2708 -0.5655 -0.4090 0.7058 0.1217  1.0000  1.0000  1.0000
thigh_twist_02_r -15.2663 7.8279 69.1647 -0.5655 -0.4090 0.7058 0.1217  1.0000  1.0000  1.0000
thigh_l 12.5205 -4.8876 93.6316 0.2873 -0.6303 -0.4054 0.5965  1.0000  1.0000  1.0000
calf_l 17.8674 31.7717 71.1378 -0.3259 -0.6113 0.2272 0.6845  1.0000  1.0000  1.0000
foot_l 11.5572 1.8172 42.0644 -0.3713 -0.6320 0.2529 0.6315  1.0000  1.0000  1.0000
ball_l 12.7961 5.4545 25.7291 -0.6895 -0.2257 0.6129 0.3129  1.0000  1.0000  1.0000
calf_twist_02_l 15.8139 21.7784 61.4446 -0.3248 -0.6133 0.2273 0.6832  1.0000  1.0000  1.0000
calf_twist_01_l 13.7604 11.7850 51.7515 -0.3248 -0.6133 0.2273 0.6832  1.0000  1.0000  1.0000
thigh_twist_01_l 14.3028 7.3321 86.1337 0.2866 -0.6317 -0.4064 0.5947  1.0000  1.0000  1.0000
thigh_twist_02_l 16.0852 19.5519 78.6357 0.2866 -0.6317 -0.4064 0.5947  1.0000  1.0000  1.0000
ik_foot_root 0.0000 0.0000 0.0000 0.0000 0.0000 0.0000 1.0000  1.0000  1.0000  1.0000
ik_foot_l 14.7118 0.0415 8.1438 -0.0357 -0.7045 -0.0284 0.7082  1.0000  1.0000  1.0000
ik_foot_r -14.7118 0.0414 8.1438 0.7082 0.0284 -0.7045 0.0357  1.0000  1.0000  1.0000
ik_hand_root 0.0000 0.0000 0.0000 0.0000 0.0000 0.0000 1.0000  1.0000  1.0000  1.0000
ik_hand_gun -45.5549 14.4006 105.6407 -0.6084 -0.1793 -0.4613 0.6205  1.0000  1.0000  1.0000
ik_hand_l 45.5550 14.4004 105.6406 -0.6205 -0.4613 0.1793 -0.6084  1.0000  1.0000  1.0000
ik_hand_r -45.5549 14.4006 105.6407 -0.6084 -0.1793 -0.4613 0.6205  1.0000  1.0000  1.0000
interaction 0.0000 0.0000 0.0000 0.0000 0.0000 0.0000 1.0000  1.0000  1.0000  1.0000
center_of_mass 0.0000 0.0000 0.0000 0.0000 0.0000 0.0000 1.0000  1.0000  1.0000  1.0000
