root 0.0000 0.0000 0.0000 0.0000 0.0000 0.0000 1.0000  1.0000  1.0000  1.0000
pelvis -2.7108 -12.5801 66.7972 -0.0894 -0.6809 -0.0948 0.7207  1.0000  1.0000  1.0000
spine_01 -2.5094 -12.6347 70.4683 -0.2186 -0.6353 0.0397 0.7396  1.0000  1.0000  1.0000
spine_02 -0.4685 -9.0148 80.3911 -0.2053 -0.6155 0.0856 0.7561  1.0000  1.0000  1.0000
spine_03 1.0954 -6.3896 86.5445 -0.1733 -0.6211 0.0717 0.7610  1.0000  1.0000  1.0000
spine_04 2.8870 -3.7267 94.0998 -0.2096 -0.6205 0.1159 0.7467  1.0000  1.0000  1.0000
spine_05 6.8331 4.6956 111.1702 -0.2082 -0.6210 0.1142 0.7469  1.0000  1.0000  1.0000
neck_01 9.4013 10.4058 123.4641 -0.2837 -0.5736 0.2726 0.7185  1.0000  1.0000  1.0000
neck_02 10.2648 13.6077 126.4537 -0.2376 -0.6129 0.2836 0.6982  1.0000  1.0000  1.0000
head 10.6334 16.4885 129.4761 0.0016 -0.6926 0.0953 0.7150  1.0000  1.0000  1.0000
clavicle_l 9.4547 6.3539 118.0200 -0.2112 0.2252 -0.1072 0.9451  1.0000  1.0000  1.0000
upperarm_l 27.6224 0.1744 110.1274 -0.3628 0.5821 -0.0720 0.7241  1.0000  1.0000  1.0000
lowerarm_l 36.5038 -14.8183 87.6144 0.2748 0.6284 0.5566 0.4688  1.0000  1.0000  1.0000
lowerarm_twist_02_l 32.7841 -6.9408 85.0408 0.2748 0.6271 0.5566 0.4705  1.0000  1.0000  1.0000
lowerarm_twist_01_l 29.0645 0.9366 82.4671 0.2748 0.6271 0.5566 0.4705  1.0000  1.0000  1.0000
hand_l 24.8505 9.8609 79.5514 0.6023 0.7845 0.0894 0.1171  1.0000  1.0000  1.0000
index_metacarpal_l 23.6070 13.4484 81.7723 0.5973 0.7832 0.1511 0.0836  1.0000  1.0000  1.0000
index_01_l 21.8947 19.6512 81.8274 -0.0671 0.9765 0.1533 0.1357  1.0000  1.0000  1.0000
index_02_l 18.4150 19.3248 80.7861 -0.6227 0.7579 0.0380 0.1909  1.0000  1.0000  1.0000
index_03_l 18.0044 16.8079 79.8745 -0.9390 0.2848 -0.0828 0.1744  1.0000  1.0000  1.0000
middle_metacarpal_l 24.6402 13.6750 79.6954 0.6221 0.7749 0.0622 0.0930  1.0000  1.0000  1.0000
middle_01_l 23.2443 20.2004 79.2492 -0.0570 0.9943 0.0422 0.0792  1.0000  1.0000  1.0000
middle_02_l 17.9168 19.6215 78.3673 -0.7035 0.7038 -0.0197 0.0968  1.0000  1.0000  1.0000
middle_03_l 17.9347 17.5250 78.1383 -0.9873 0.1263 -0.0669 0.0701  1.0000  1.0000  1.0000
thumb_01_l 22.4867 11.3524 81.3839 0.3166 0.5610 0.7405 0.1918  1.0000  1.0000  1.0000
thumb_02_l 19.4826 13.9977 82.4335 0.0501 0.6065 0.5813 0.5401  1.0000  1.0000  1.0000
thumb_03_l 18.0367 16.4176 80.3364 -0.1648 0.5606 0.3354 0.7389  1.0000  1.0000  1.0000
pinky_metacarpal_l 25.0357 13.6360 76.7273 0.5724 0.7825 -0.2059 0.1333  1.0000  1.0000  1.0000
pinky_01_l 23.5713 18.1599 74.5685 0.1087 0.9824 -0.1508 0.0161  1.0000  1.0000  1.0000
pinky_02_l 18.6600 19.2109 74.2446 -0.6273 0.7751 -0.0710 0.0270  1.0000  1.0000  1.0000
pinky_03_l 18.1684 16.9432 74.3543 -0.9794 0.1820 0.0545 0.0690  1.0000  1.0000  1.0000
ring_metacarpal_l 24.8350 13.6591 78.2685 0.6377 0.7581 -0.0607 0.1220  1.0000  1.0000  1.0000
ring_01_l 23.8774 19.7515 76.6185 -0.0137 0.9928 -0.0792 0.0888  1.0000  1.0000  1.0000
ring_02_l 18.1449 19.5108 75.6042 -0.7368 0.6677 -0.0872 0.0606  1.0000  1.0000  1.0000
ring_03_l 18.2927 17.9335 75.6797 -0.9962 0.0653 -0.0421 0.0397  1.0000  1.0000  1.0000
upperarm_twist_01_l 30.5103 -4.7006 102.8071 -0.3630 0.5805 -0.0713 0.7253  1.0000  1.0000  1.0000
upperarm_twist_02_l 33.3982 -9.5757 95.4867 -0.3628 0.5821 -0.0720 0.7241  1.0000  1.0000  1.0000
clavicle_r 6.7253 6.7984 118.3765 -0.9722 -0.0413 0.0246 -0.2291  1.0000  1.0000  1.0000
upperarm_r -13.9289 5.3670 119.7623 -0.7316 -0.2366 -0.4344 -0.4691  1.0000  1.0000  1.0000
lowerarm_r -28.4667 -16.0905 107.9851 -0.7655 0.0906 -0.5837 -0.2552  1.0000  1.0000  1.0000
lowerarm_twist_02_r -31.2110 -17.5366 99.4475 -0.7662 0.0913 -0.5822 -0.2564  1.0000  1.0000  1.0000
lowerarm_twist_01_r -33.9552 -18.9828 90.9099 -0.7662 0.0913 -0.5822 -0.2564  1.0000  1.0000  1.0000
hand_r -37.0640 -20.6210 81.2381 -0.7000 -0.3326 -0.5567 0.2989  1.0000  1.0000  1.0000
pinky_metacarpal_r -39.5498 -23.0888 78.0761 -0.6892 -0.5365 -0.3452 0.3434  1.0000  1.0000  1.0000
pinky_01_r -40.6446 -25.5040 73.5781 -0.3399 -0.7403 -0.5226 0.2516  1.0000  1.0000  1.0000
pinky_02_r -37.4120 -26.7131 69.9149 0.1073 -0.7931 -0.5442 -0.2517  1.0000  1.0000  1.0000
pinky_03_r -35.4369 -26.9544 71.1137 0.3825 -0.6184 -0.3925 -0.5633  1.0000  1.0000  1.0000
ring_metacarpal_r -38.8556 -21.7205 77.8245 -0.7211 -0.4056 -0.4330 0.3577  1.0000  1.0000  1.0000
ring_01_r -40.7794 -23.4375 71.9840 -0.3656 -0.7261 -0.5507 0.1892  1.0000  1.0000  1.0000
ring_02_r -36.9275 -25.3171 68.0369 0.1021 -0.8002 -0.5391 -0.2423  1.0000  1.0000  1.0000
ring_03_r -35.5609 -25.4723 68.8265 0.4334 -0.6397 -0.3673 -0.5177  1.0000  1.0000  1.0000
middle_metacarpal_r -38.2031 -20.4578 77.5926 -0.6952 -0.3390 -0.5375 0.3359  1.0000  1.0000  1.0000
middle_01_r -39.4894 -21.1958 71.0710 -0.4598 -0.5845 -0.6380 0.1995  1.0000  1.0000  1.0000
middle_02_r -36.7873 -22.7330 66.6177 -0.2176 -0.7131 -0.6643 -0.0530  1.0000  1.0000  1.0000
middle_03_r -34.8898 -23.5360 66.1671 -0.0468 -0.7483 -0.6395 -0.1700  1.0000  1.0000  1.0000
index_metacarpal_r -36.5129 -18.8942 77.2299 -0.6739 -0.2917 -0.6074 0.3031  1.0000  1.0000  1.0000
index_01_r -37.2367 -19.2863 70.8476 -0.6276 -0.3683 -0.6438 0.2366  1.0000  1.0000  1.0000
index_02_r -36.8709 -19.8612 67.2650 -0.5029 -0.5161 -0.6900 0.0679  1.0000  1.0000  1.0000
index_03_r -35.5575 -21.0133 65.1954 -0.3570 -0.6194 -0.6930 -0.0925  1.0000  1.0000  1.0000
thumb_01_r -34.9201 -19.7149 78.8393 -0.5553 0.1531 -0.8173 -0.0173  1.0000  1.0000  1.0000
thumb_02_r -33.3365 -19.1278 75.0619 -0.6048 0.0483 -0.7624 -0.2251  1.0000  1.0000  1.0000
thumb_03_r -32.7491 -20.1284 71.7457 -0.6434 -0.1354 -0.6043 -0.4501  1.0000  1.0000  1.0000
upperarm_twist_01_r -18.6561 -1.6100 115.9328 -0.7325 -0.2357 -0.4328 -0.4696  1.0000  1.0000  1.0000
upperarm_twist_02_r -23.3833 -8.5871 112.1034 -0.7316 -0.2366 -0.4344 -0.4691  1.0000  1.0000  1.0000
thigh_r -12.3437 -9.9410 64.5088 -0.6622 -0.1646 0.6892 0.2437  1.0000  1.0000  1.0000
calf_r -12.5275 14.0692 28.4264 -0.4925 0.4722 0.5738 -0.4529  1.0000  1.0000  1.0000
foot_r -16.9418 -27.5145 22.6243 -0.4719 0.4135 0.6378 -0.4466  1.0000  1.0000  1.0000
ball_r -20.2434 -30.3526 6.4178 -0.0805 0.6077 0.1973 -0.7651  1.0000  1.0000  1.0000
calf_twist_02_r -14.0492 0.2129 26.4959 -0.4915 0.4729 0.5755 -0.4512  1.0000  1.0000  1.0000
calf_twist_01_r -15.5709 -13.6435 24.5653 -0.4915 0.4729 0.5755 -0.4512  1.0000  1.0000  1.0000
thigh_twist_01_r -12.4050 -1.9376 52.4814 -0.6604 -0.1656 0.6907 0.2436  1.0000  1.0000  1.0000
thigh_twist_02_r -12.4663 6.0658 40.4539 -0.6604 -0.1656 0.6907 0.2436  1.0000  1.0000  1.0000
thigh_l 6.6406 -15.0184 63.3915 0.2668 -0.5878 -0.4655 0.6055  1.0000  1.0000  1.0000
calf_l 12.0335 23.0087 43.3086 -0.2863 -0.5786 0.1743 0.7436  1.0000  1.0000  1.0000
foot_l 0.6457 -1.9182 11.1945 -0.1352 -0.6960 0.0850 0.7000  1.0000  1.0000  1.0000
ball_l 1.0461 10.4272 -0.1650 -0.5484 -0.4704 0.4927 0.4850  1.0000  1.0000  1.0000
calf_twist_02_l 8.2862 14.6884 32.5955 -0.2853 -0.5807 0.1742 0.7423  1.0000  1.0000  1.0000
calf_twist_01_l 4.5389 6.3681 21.8824 -0.2853 -0.5807 0.1742 0.7423  1.0000  1.0000  1.0000
thigh_twist_01_l 8.4383 -2.3427 56.6972 0.2660 -0.5892 -0.4664 0.6038  1.0000  1.0000  1.0000
thigh_twist_02_l 10.2359 10.3330 50.0029 0.2660 -0.5892 -0.4664 0.6038  1.0000  1.0000  1.0000
ik_foot_root 0.0000 0.0000 0.0000 0.0000 0.0000 0.0000 1.0000  1.0000  1.0000  1.0000
ik_foot_l 14.7118 0.0415 8.1438 -0.0357 -0.7045 -0.0284 0.7082  1.0000  1.0000  1.0000
ik_foot_r -14.7118 0.0414 8.1438 0.7082 0.0284 -0.7045 0.0357  1.0000  1.0000  1.0000
ik_hand_root 0.0000 0.0000 0.0000 0.0000 0.0000 0.0000 1.0000  1.0000  1.0000  1.0000
ik_hand_gun -45.5549 14.4006 105.6407 -0.6084 -0.1793 -0.4613 0.6205  1.0000  1.0000  1.0000
ik_hand_l 45.5550 14.4004 105.6406 -0.6205 -0.4613 0.1793 -0.6084  1.0000  1.0000  1.0000
ik_hand_r -45.5549 14.4006 105.6407 -0.6084 -0.1793 -0.4613 0.6205  1.0000  1.0000  1.0000
interaction 0.0000 0.0000 0.0000 0.0000 0.0000 0.0000 1.0000  1.0000  1.0000  1.0000
center_of_mass 0.0000 0.0000 0.0000 0.0000 0.0000 0.0000 1.0000  1.0000  1.0000  1.0000
