root 0.0000 0.0000 0.0000 0.0000 0.0000 0.0000 1.0000  1.0000  1.0000  1.0000
pelvis 1.9120 -14.0150 94.9173 0.2684 -0.7283 -0.0977 0.6229  1.0000  1.0000  1.0000
spine_01 1.6185 -15.9002 98.0606 0.0644 -0.7537 0.0722 0.6501  1.0000  1.0000  1.0000
spine_02 0.0615 -15.9335 108.5754 -0.0078 -0.7213 0.1804 0.6686  1.0000  1.0000  1.0000
spine_03 -0.6648 -14.1987 115.1833 -0.0119 -0.7189 0.1840 0.6702  1.0000  1.0000  1.0000
spine_04 -1.4977 -12.0333 123.0574 -0.0359 -0.6875 0.1979 0.6978  1.0000  1.0000  1.0000
spine_05 -1.9577 -5.7036 141.4321 -0.0344 -0.6876 0.1964 0.6982  1.0000  1.0000  1.0000
neck_01 -1.4150 -0.2038 154.0673 -0.2456 -0.6284 0.3353 0.6576  1.0000  1.0000  1.0000
neck_02 -1.4801 3.1433 157.0218 -0.2574 -0.6388 0.3188 0.6512  1.0000  1.0000  1.0000
head -1.5538 6.2610 159.8257 -0.1019 -0.6997 0.0951 0.7007  1.0000  1.0000  1.0000
clavicle_l -0.1557 -3.8609 148.4891 -0.2065 -0.1204 0.0817 0.9676  1.0000  1.0000  1.0000
upperarm_l 19.7071 0.4533 152.6388 0.0628 0.2316 0.1308 0.9619  1.0000  1.0000  1.0000
lowerarm_l 44.1485 8.4462 140.4232 0.2024 0.1285 0.7453 0.6222  1.0000  1.0000  1.0000
lowerarm_twist_02_l 42.8411 17.3425 141.7114 0.2028 0.1266 0.7447 0.6231  1.0000  1.0000  1.0000
lowerarm_twist_01_l 41.5336 26.2388 142.9995 0.2028 0.1266 0.7447 0.6231  1.0000  1.0000  1.0000
hand_l 40.0524 36.3175 144.4589 0.6534 0.6259 0.3687 0.2129  1.0000  1.0000  1.0000
index_metacarpal_l 38.2555 39.3243 147.1196 0.6266 0.6226 0.4290 0.1888  1.0000  1.0000  1.0000
index_01_l 37.5073 45.4682 148.8807 0.5709 0.6200 0.4788 0.2460  1.0000  1.0000  1.0000
index_02_l 36.6787 48.9086 149.7622 0.2282 0.8021 0.3368 0.4372  1.0000  1.0000  1.0000
index_03_l 35.2878 50.6977 148.2792 -0.0726 0.8311 0.1583 0.5282  1.0000  1.0000  1.0000
middle_metacarpal_l 40.2444 39.8083 146.0048 0.6736 0.6258 0.3491 0.1811  1.0000  1.0000  1.0000
middle_01_l 40.0639 46.2922 147.6339 0.6017 0.6932 0.3076 0.2506  1.0000  1.0000  1.0000
middle_02_l 39.2478 51.6601 147.7575 0.1549 0.9059 0.1269 0.3732  1.0000  1.0000  1.0000
middle_03_l 37.8272 52.4518 146.4145 -0.2417 0.8860 -0.0471 0.3928  1.0000  1.0000  1.0000
thumb_01_l 37.2713 37.8692 145.4724 0.2306 0.3531 0.8938 0.1528  1.0000  1.0000  1.0000
thumb_02_l 33.7664 39.6734 146.7314 0.1577 0.3544 0.8599 0.3319  1.0000  1.0000  1.0000
thumb_03_l 31.2016 42.0713 146.8577 0.0668 0.3818 0.7604 0.5211  1.0000  1.0000  1.0000
pinky_metacarpal_l 42.1335 40.4981 143.7861 0.7039 0.6768 0.0804 0.2002  1.0000  1.0000  1.0000
pinky_01_l 42.5622 45.6708 143.2121 0.5316 0.8043 -0.0028 0.2657  1.0000  1.0000  1.0000
pinky_02_l 41.0841 49.9667 141.0463 -0.0974 0.9780 -0.1530 0.1032  1.0000  1.0000  1.0000
pinky_03_l 38.8548 49.4506 140.6465 -0.5950 0.7701 -0.1927 -0.1258  1.0000  1.0000  1.0000
ring_metacarpal_l 41.1569 40.1411 144.9414 0.7234 0.6231 0.2309 0.1876  1.0000  1.0000  1.0000
ring_01_l 41.9280 46.4411 145.6275 0.5387 0.8006 0.1459 0.2182  1.0000  1.0000  1.0000
ring_02_l 40.0383 51.8378 144.5081 -0.0845 0.9740 -0.0117 0.2097  1.0000  1.0000  1.0000
ring_03_l 38.6145 51.5691 143.8632 -0.3435 0.9252 -0.0881 0.1350  1.0000  1.0000  1.0000
upperarm_twist_01_l 27.6545 3.0523 148.6668 0.0630 0.2296 0.1306 0.9624  1.0000  1.0000  1.0000
upperarm_twist_02_l 35.6019 5.6512 144.6947 0.0628 0.2316 0.1308 0.9619  1.0000  1.0000  1.0000
clavicle_r -2.9118 -4.1935 148.7888 0.9591 0.0222 -0.1417 0.2439  1.0000  1.0000  1.0000
upperarm_r -22.8404 -3.6337 154.6339 0.9864 -0.0856 0.1324 -0.0474  1.0000  1.0000  1.0000
lowerarm_r -49.8941 1.5317 147.4305 0.6311 -0.7607 0.0660 -0.1370  1.0000  1.0000  1.0000
lowerarm_twist_02_r -48.3867 10.4169 148.5679 0.6318 -0.7602 0.0640 -0.1375  1.0000  1.0000  1.0000
lowerarm_twist_01_r -46.8793 19.3021 149.7054 0.6318 -0.7602 0.0640 -0.1375  1.0000  1.0000  1.0000
hand_r -45.1716 29.3677 150.9939 0.1463 -0.6450 0.4067 -0.6302  1.0000  1.0000  1.0000
pinky_metacarpal_r -47.2293 32.7605 153.5477 0.1164 -0.4007 0.5387 -0.7319  1.0000  1.0000  1.0000
pinky_01_r -47.6985 37.2458 156.1794 0.2431 -0.2030 0.7624 -0.5643  1.0000  1.0000  1.0000
pinky_02_r -46.4662 42.0734 155.4674 0.3949 -0.1332 0.8596 -0.2954  1.0000  1.0000  1.0000
pinky_03_r -45.2734 43.4978 154.0728 0.4993 -0.0775 0.8496 -0.1513  1.0000  1.0000  1.0000
ring_metacarpal_r -45.8904 32.0470 153.8880 0.0954 -0.5301 0.4461 -0.7148  1.0000  1.0000  1.0000
ring_01_r -46.1514 36.7284 158.2212 0.2604 -0.3989 0.7171 -0.5088  1.0000  1.0000  1.0000
ring_02_r -44.1315 42.1904 158.4105 0.4185 -0.3071 0.8077 -0.2795  1.0000  1.0000  1.0000
ring_03_r -43.3489 43.3142 157.6106 0.4913 -0.2631 0.8087 -0.1881  1.0000  1.0000  1.0000
middle_metacarpal_r -44.6458 31.3906 154.1946 0.1097 -0.6320 0.4176 -0.6435  1.0000  1.0000  1.0000
middle_01_r -43.6581 35.9130 159.0220 0.2287 -0.6138 0.5604 -0.5068  1.0000  1.0000  1.0000
middle_02_r -41.5852 40.5230 161.0087 0.4504 -0.4872 0.6896 -0.2902  1.0000  1.0000  1.0000
middle_03_r -40.6869 42.2928 160.2950 0.4787 -0.4435 0.7294 -0.2052  1.0000  1.0000  1.0000
index_metacarpal_r -42.3944 30.7955 154.0922 0.1337 -0.6964 0.3919 -0.5862  1.0000  1.0000  1.0000
index_01_r -40.8425 35.0801 158.6359 0.2036 -0.7315 0.4115 -0.5042  1.0000  1.0000  1.0000
index_02_r -39.3519 37.6794 160.7145 0.4408 -0.6203 0.5668 -0.3158  1.0000  1.0000  1.0000
index_03_r -38.2363 40.1301 160.4225 0.5067 -0.5630 0.6108 -0.2305  1.0000  1.0000  1.0000
thumb_01_r -42.1719 30.6629 151.6977 0.1763 -0.9677 -0.0157 -0.1797  1.0000  1.0000  1.0000
thumb_02_r -38.5585 32.0507 153.1601 0.4092 -0.8927 -0.0061 -0.1889  1.0000  1.0000  1.0000
thumb_03_r -36.4723 34.6090 154.3625 0.4828 -0.8446 -0.0250 -0.2303  1.0000  1.0000  1.0000
upperarm_twist_01_r -31.6372 -1.9541 152.2918 0.9866 -0.0854 0.1303 -0.0475  1.0000  1.0000  1.0000
upperarm_twist_02_r -40.4340 -0.2745 149.9497 0.9864 -0.0856 0.1324 -0.0474  1.0000  1.0000  1.0000
thigh_r -7.3224 -14.3929 90.4926 -0.5425 -0.5158 0.6548 0.1045  1.0000  1.0000  1.0000
calf_r -24.2084 15.7914 64.3730 -0.7395 0.1165 0.4814 -0.4559  1.0000  1.0000  1.0000
foot_r -2.7042 -10.0137 38.7992 -0.7390 0.1790 0.5095 -0.4028  1.0000  1.0000  1.0000
ball_r -1.5237 -5.2057 22.7650 -0.4243 0.6313 0.0895 -0.6430  1.0000  1.0000  1.0000
calf_twist_02_r -17.0818 7.1613 55.8423 -0.7384 0.1168 0.4837 -0.4552  1.0000  1.0000  1.0000
calf_twist_01_r -9.9551 -1.4689 47.3117 -0.7384 0.1168 0.4837 -0.4552  1.0000  1.0000  1.0000
thigh_twist_01_r -12.9510 -4.3315 81.7861 -0.5406 -0.5163 0.6561 0.1035  1.0000  1.0000  1.0000
thigh_twist_02_r -18.5797 5.7300 73.0796 -0.5406 -0.5163 0.6561 0.1035  1.0000  1.0000  1.0000
thigh_l 11.5692 -10.6125 94.5238 0.4348 -0.5546 -0.5628 0.4320  1.0000  1.0000  1.0000
calf_l 22.3457 31.3654 94.9689 -0.4065 -0.5757 0.2523 0.6631  1.0000  1.0000  1.0000
foot_l 13.4890 -2.5192 71.3946 -0.3328 -0.5500 0.2443 0.7260  1.0000  1.0000  1.0000
ball_l 11.2130 2.5872 55.5722 -0.5579 -0.1767 0.7265 0.3602  1.0000  1.0000  1.0000
calf_twist_02_l 19.4425 20.0580 87.1105 -0.4053 -0.5778 0.2526 0.6619  1.0000  1.0000  1.0000
calf_twist_01_l 16.5393 8.7505 79.2521 -0.4053 -0.5778 0.2526 0.6619  1.0000  1.0000  1.0000
thigh_twist_01_l 15.1614 3.3801 94.6722 0.4337 -0.5555 -0.5640 0.4303  1.0000  1.0000  1.0000
thigh_twist_02_l 18.7536 17.3728 94.8205 0.4337 -0.5555 -0.5640 0.4303  1.0000  1.0000  1.0000
ik_foot_root 0.0000 0.0000 0.0000 0.0000 0.0000 0.0000 1.0000  1.0000  1.0000  1.0000
ik_foot_l 14.7118 0.0415 8.1438 -0.0357 -0.7045 -0.0284 0.7082  1.0000  1.0000  1.0000
ik_foot_r -14.7118 0.0414 8.1438 0.7082 0.0284 -0.7045 0.0357  1.0000  1.0000  1.0000
ik_hand_root 0.0000 0.0000 0.0000 0.0000 0.0000 0.0000 1.0000  1.0000  1.0000  1.0000
ik_hand_gun -45.5549 14.4006 105.6407 -0.6084 -0.1793 -0.4613 0.6205  1.0000  1.0000  1.0000
ik_hand_l 45.5550 14.4004 105.6406 -0.6205 -0.4613 0.1793 -0.6084  1.0000  1.0000  1.0000
ik_hand_r -45.5549 14.4006 105.6407 -0.6084 -0.1793 -0.4613 0.6205  1.0000  1.0000  1.0000
interaction 0.0000 0.0000 0.0000 0.0000 0.0000 0.0000 1.0000  1.0000  1.0000  1.0000
center_of_mass 0.0000 0.0000 0.0000 0.0000 0.0000 0.0000 1.0000  1.0000  1.0000  1.0000
