root 0.0000 0.0000 0.0000 0.0000 0.0000 0.0000 1.0000  1.0000  1.0000  1.0000
pelvis 0.7768 -5.1807 111.8492 0.0602 -0.6273 -0.1722 0.7571  1.0000  1.0000  1.0000
spine_01 1.3415 -6.4176 115.2656 -0.0845 -0.6325 0.0060 0.7699  1.0000  1.0000  1.0000
spine_02 3.4797 -5.1761 125.6755 -0.0513 -0.6445 0.1059 0.7555  1.0000  1.0000  1.0000
spine_03 4.4878 -3.6229 132.2915 0.0141 -0.6578 0.0997 0.7465  1.0000  1.0000  1.0000
spine_04 5.4304 -2.5537 140.3756 0.0595 -0.6654 0.1184 0.7346  1.0000  1.0000  1.0000
spine_05 7.1117 -0.7130 159.6549 0.0610 -0.6653 0.1167 0.7349  1.0000  1.0000  1.0000
neck_01 8.3222 1.0027 173.2949 -0.0551 -0.6377 0.3213 0.6979  1.0000  1.0000  1.0000
neck_02 8.2333 3.3188 177.1111 -0.0727 -0.6455 0.2910 0.7024  1.0000  1.0000  1.0000
head 8.2164 5.4312 180.7339 0.0341 -0.6911 0.0810 0.7174  1.0000  1.0000  1.0000
clavicle_l 9.4178 -0.7205 166.8259 -0.0642 -0.0641 0.2284 0.9693  1.0000  1.0000  1.0000
upperarm_l 27.8367 8.6616 168.8334 -0.0218 0.2583 0.4065 0.8761  1.0000  1.0000  1.0000
lowerarm_l 43.0990 28.6180 155.4433 0.1248 0.2266 0.8229 0.5059  1.0000  1.0000  1.0000
lowerarm_twist_02_l 38.9490 36.6953 155.2268 0.1254 0.2248 0.8226 0.5070  1.0000  1.0000  1.0000
lowerarm_twist_01_l 34.7990 44.7727 155.0103 0.1254 0.2248 0.8226 0.5070  1.0000  1.0000  1.0000
hand_l 30.0974 53.9236 154.7651 0.5442 0.6361 0.4972 0.2280  1.0000  1.0000  1.0000
index_metacarpal_l 27.1210 56.2444 157.0241 0.5091 0.6308 0.5507 0.1992  1.0000  1.0000  1.0000
index_01_l 24.7288 61.9198 158.8886 0.3764 0.6471 0.5895 0.3035  1.0000  1.0000  1.0000
index_02_l 22.7875 65.0014 159.0746 -0.0405 0.7411 0.3494 0.5718  1.0000  1.0000  1.0000
index_03_l 21.8591 65.9211 156.7025 -0.4090 0.6193 0.0129 0.6701  1.0000  1.0000  1.0000
middle_metacarpal_l 29.1857 57.1980 156.5140 0.5653 0.6429 0.4775 0.1977  1.0000  1.0000  1.0000
middle_01_l 27.2954 63.3223 158.4241 0.4693 0.7051 0.4296 0.3132  1.0000  1.0000  1.0000
middle_02_l 25.3221 68.3778 158.2151 -0.0790 0.8438 0.1301 0.5145  1.0000  1.0000  1.0000
middle_03_l 24.3561 68.3789 156.3402 -0.5455 0.6459 -0.1905 0.4990  1.0000  1.0000  1.0000
thumb_01_l 26.8966 54.8291 155.0887 0.0672 0.3359 0.9260 0.1585  1.0000  1.0000  1.0000
thumb_02_l 23.0039 56.2309 155.1629 -0.0199 0.3036 0.8656 0.3977  1.0000  1.0000  1.0000
thumb_03_l 20.6045 58.6074 154.1935 -0.1237 0.2790 0.6779 0.6688  1.0000  1.0000  1.0000
pinky_metacarpal_l 31.3912 58.4579 154.9280 0.6264 0.7053 0.2207 0.2479  1.0000  1.0000  1.0000
pinky_01_l 30.8955 63.6549 154.8035 0.4072 0.8147 0.1470 0.3858  1.0000  1.0000  1.0000
pinky_02_l 29.0295 67.5650 152.2423 -0.2986 0.9027 -0.1848 0.2485  1.0000  1.0000  1.0000
pinky_03_l 27.4076 66.0995 151.4563 -0.8102 0.4386 -0.3789 -0.0874  1.0000  1.0000  1.0000
ring_metacarpal_l 30.2490 57.8053 155.7559 0.6305 0.6493 0.3681 0.2130  1.0000  1.0000  1.0000
ring_01_l 29.5334 64.0253 157.0029 0.4338 0.8096 0.2608 0.2972  1.0000  1.0000  1.0000
ring_02_l 26.9290 69.0211 155.5170 -0.2926 0.8965 -0.0373 0.3307  1.0000  1.0000  1.0000
ring_03_l 25.9614 68.1501 154.6113 -0.6238 0.7158 -0.2187 0.2251  1.0000  1.0000  1.0000
upperarm_twist_01_l 32.7994 15.1506 164.4795 -0.0210 0.2565 0.4064 0.8767  1.0000  1.0000  1.0000
upperarm_twist_02_l 37.7621 21.6396 160.1255 -0.0218 0.2583 0.4065 0.8761  1.0000  1.0000  1.0000
clavicle_r 6.7379 -1.4161 167.1608 -0.9633 -0.1704 0.1912 -0.0797  1.0000  1.0000  1.0000
upperarm_r -11.2918 -7.6410 175.3423 -0.9087 -0.1509 -0.3605 -0.1470  1.0000  1.0000  1.0000
lowerarm_r -31.0665 -18.4646 157.9559 -0.7962 0.4658 -0.3680 0.1165  1.0000  1.0000  1.0000
lowerarm_twist_02_r -33.7470 -10.9473 153.6179 -0.7973 0.4656 -0.3662 0.1161  1.0000  1.0000  1.0000
lowerarm_twist_01_r -36.4275 -3.4300 149.2800 -0.7973 0.4656 -0.3662 0.1161  1.0000  1.0000  1.0000
hand_r -39.4642 5.0860 144.3658 -0.4352 0.2169 -0.5301 0.6946  1.0000  1.0000  1.0000
pinky_metacarpal_r -43.0693 7.5645 142.5975 -0.3768 -0.0645 -0.5126 0.7688  1.0000  1.0000  1.0000
pinky_01_r -45.5664 11.5281 140.2913 -0.2638 -0.3455 -0.7030 0.5628  1.0000  1.0000  1.0000
pinky_02_r -44.4228 14.5936 136.4669 -0.2875 -0.3838 -0.8286 0.2887  1.0000  1.0000  1.0000
pinky_03_r -42.8711 15.1925 134.8451 -0.3154 -0.4159 -0.8494 0.0786  1.0000  1.0000  1.0000
ring_metacarpal_r -42.0234 8.0815 143.6253 -0.3967 0.0937 -0.4873 0.7723  1.0000  1.0000  1.0000
ring_01_r -45.2827 13.3637 142.1300 -0.3241 -0.1488 -0.7447 0.5641  1.0000  1.0000  1.0000
ring_02_r -44.3888 17.6970 138.3390 -0.3355 -0.2299 -0.8607 0.3062  1.0000  1.0000  1.0000
ring_03_r -43.4574 18.2884 137.1997 -0.3667 -0.2499 -0.8723 0.2056  1.0000  1.0000  1.0000
middle_metacarpal_r -41.0471 8.5596 144.5699 -0.4048 0.2055 -0.5235 0.7210  1.0000  1.0000  1.0000
middle_01_r -43.5049 14.7210 143.7173 -0.3954 0.1426 -0.7104 0.5646  1.0000  1.0000  1.0000
middle_02_r -43.2339 19.6896 141.5411 -0.4523 -0.0073 -0.8430 0.2910  1.0000  1.0000  1.0000
middle_03_r -42.3448 20.7106 139.9238 -0.4267 -0.0353 -0.8745 0.2277  1.0000  1.0000  1.0000
index_metacarpal_r -39.0253 9.3299 145.4370 -0.4190 0.2790 -0.5453 0.6702  1.0000  1.0000  1.0000
index_01_r -40.8251 15.4680 144.7330 -0.4443 0.3239 -0.6224 0.5570  1.0000  1.0000  1.0000
index_02_r -40.8812 19.0464 144.0322 -0.5127 0.1745 -0.7746 0.3265  1.0000  1.0000  1.0000
index_03_r -40.1743 20.9011 142.1894 -0.5107 0.1367 -0.8081 0.2597  1.0000  1.0000  1.0000
thumb_01_r -37.5463 7.8220 144.2797 -0.4360 0.7606 -0.3797 0.2952  1.0000  1.0000  1.0000
thumb_02_r -35.7029 11.4941 144.7680 -0.6256 0.6369 -0.4069 0.1936  1.0000  1.0000  1.0000
thumb_03_r -35.2030 14.8471 143.8457 -0.6890 0.5926 -0.3640 0.2039  1.0000  1.0000  1.0000
upperarm_twist_01_r -17.7218 -11.1604 169.6890 -0.9094 -0.1507 -0.3585 -0.1474  1.0000  1.0000  1.0000
upperarm_twist_02_r -24.1518 -14.6797 164.0358 -0.9087 -0.1509 -0.3605 -0.1470  1.0000  1.0000  1.0000
thigh_r -9.2027 -2.9365 111.2422 -0.5264 -0.5341 0.5362 0.3874  1.0000  1.0000  1.0000
calf_r -15.5134 39.4429 104.7134 -0.7117 0.2365 0.5843 -0.3101  1.0000  1.0000  1.0000
foot_r -6.8485 9.9315 75.7935 -0.5964 0.2827 0.6117 -0.4361  1.0000  1.0000  1.0000
ball_r -8.6716 10.9271 59.1415 -0.2500 0.5874 0.1417 -0.7566  1.0000  1.0000  1.0000
calf_twist_02_r -12.6747 29.5974 95.0671 -0.7104 0.2366 0.5864 -0.3089  1.0000  1.0000  1.0000
calf_twist_01_r -9.8359 19.7520 85.4209 -0.7104 0.2366 0.5864 -0.3089  1.0000  1.0000  1.0000
thigh_twist_01_r -11.3063 11.1899 109.0659 -0.5248 -0.5353 0.5373 0.3863  1.0000  1.0000  1.0000
thigh_twist_02_r -13.4098 25.3164 106.8896 -0.5248 -0.5353 0.5373 0.3863  1.0000  1.0000  1.0000
thigh_l 9.9024 -5.3945 107.1941 0.0847 -0.6883 -0.2170 0.6870  1.0000  1.0000  1.0000
calf_l 11.7129 12.5832 67.7987 -0.3676 -0.5881 0.2640 0.6703  1.0000  1.0000  1.0000
foot_l 4.5788 -20.6123 42.7085 -0.4562 -0.5148 0.3838 0.6161  1.0000  1.0000  1.0000
ball_l 2.7706 -22.7234 26.1592 -0.6789 -0.0642 0.7058 0.1918  1.0000  1.0000  1.0000
calf_twist_02_l 9.3847 1.5088 59.4334 -0.3664 -0.5901 0.2642 0.6691  1.0000  1.0000  1.0000
calf_twist_01_l 7.0563 -9.5656 51.0681 -0.3664 -0.5901 0.2642 0.6691  1.0000  1.0000  1.0000
thigh_twist_01_l 10.5059 0.5981 94.0623 0.0845 -0.6900 -0.2175 0.6852  1.0000  1.0000  1.0000
thigh_twist_02_l 11.1095 6.5906 80.9305 0.0845 -0.6900 -0.2175 0.6852  1.0000  1.0000  1.0000
ik_foot_root 0.0000 0.0000 0.0000 0.0000 0.0000 0.0000 1.0000  1.0000  1.0000  1.0000
ik_foot_l 14.7118 0.0415 8.1438 -0.0357 -0.7045 -0.0284 0.7082  1.0000  1.0000  1.0000
ik_foot_r -14.7118 0.0414 8.1438 0.7082 0.0284 -0.7045 0.0357  1.0000  1.0000  1.0000
ik_hand_root 0.0000 0.0000 0.0000 0.0000 0.0000 0.0000 1.0000  1.0000  1.0000  1.0000
ik_hand_gun -45.5549 14.4006 105.6407 -0.6084 -0.1793 -0.4613 0.6205  1.0000  1.0000  1.0000
ik_hand_l 45.5550 14.4004 105.6406 -0.6205 -0.4613 0.1793 -0.6084  1.0000  1.0000  1.0000
ik_hand_r -45.5549 14.4006 105.6407 -0.6084 -0.1793 -0.4613 0.6205  1.0000  1.0000  1.0000
interaction 0.0000 0.0000 0.0000 0.0000 0.0000 0.0000 1.0000  1.0000  1.0000  1.0000
center_of_mass 0.0000 0.0000 0.0000 0.0000 0.0000 0.0000 1.0000  1.0000  1.0000  1.0000
