root 0.0000 116.4901 0.0000 0.0000 0.0000 0.0000 1.0000  1.0000  1.0000  1.0000
pelvis 1.6806 100.3487 85.8342 0.0372 -0.6721 0.0637 0.7368  1.0000  1.0000  1.0000
spine_01 2.0057 100.5100 89.4933 -0.1060 -0.6836 0.2283 0.6851  1.0000  1.0000  1.0000
spine_02 1.7407 103.6283 95.5454 -0.1078 -0.6929 0.2419 0.6707  1.0000  1.0000  1.0000
spine_03 1.1810 107.0643 101.9068 -0.0595 -0.7055 0.2058 0.6756  1.0000  1.0000  1.0000
spine_04 0.4966 110.1561 109.8378 -0.0263 -0.7140 0.1850 0.6747  1.0000  1.0000  1.0000
spine_05 -1.2165 115.7413 128.3790 -0.0247 -0.7141 0.1835 0.6751  1.0000  1.0000  1.0000
neck_01 -2.1488 118.9453 139.8450 -0.1677 -0.6840 0.3067 0.6402  1.0000  1.0000  1.0000
neck_02 -2.7835 122.1307 143.8027 -0.1955 -0.6604 0.2879 0.6654  1.0000  1.0000  1.0000
head -2.9703 125.2878 147.5743 -0.1159 -0.6845 0.1446 0.7050  1.0000  1.0000  1.0000
clavicle_l -0.5679 116.5657 134.1736 -0.2873 0.0422 0.1135 0.9502  1.0000  1.0000  1.0000
upperarm_l 16.7513 119.9817 131.5797 -0.3498 0.5147 0.1304 0.7718  1.0000  1.0000  1.0000
lowerarm_l 28.8854 115.5629 106.9352 0.1578 0.6020 0.6672 0.4093  1.0000  1.0000  1.0000
lowerarm_twist_02_l 23.2981 122.2504 104.3716 0.1581 0.6005 0.6675 0.4109  1.0000  1.0000  1.0000
lowerarm_twist_01_l 17.7107 128.9379 101.8080 0.1581 0.6005 0.6675 0.4109  1.0000  1.0000  1.0000
hand_l 12.0921 135.6628 99.2301 0.4007 0.9145 -0.0474 0.0310  1.0000  1.0000  1.0000
index_metacarpal_l 9.5148 138.4649 101.0318 0.4298 0.8942 0.1127 0.0545  1.0000  1.0000  1.0000
index_01_l 5.8339 143.0671 101.0288 0.3539 0.9211 0.0743 0.1446  1.0000  1.0000  1.0000
index_02_l 2.9410 145.8196 100.1551 0.2460 0.9560 0.0592 0.1486  1.0000  1.0000  1.0000
index_03_l 0.7707 147.0883 99.4921 0.1641 0.9750 0.0516 0.1404  1.0000  1.0000  1.0000
middle_metacarpal_l 9.8069 138.2735 99.2996 0.4561 0.8870 -0.0521 0.0502  1.0000  1.0000  1.0000
middle_01_l 6.2701 143.1851 98.4659 0.3149 0.9337 -0.1405 0.0961  1.0000  1.0000  1.0000
middle_02_l 2.2142 146.0905 97.0783 0.0059 0.9852 -0.1631 0.0515  1.0000  1.0000  1.0000
middle_03_l -0.2511 146.0777 96.8219 -0.2913 0.9410 -0.1714 0.0171  1.0000  1.0000  1.0000
thumb_01_l 9.5517 136.6025 101.5071 0.2846 0.7367 0.6132 0.0173  1.0000  1.0000  1.0000
thumb_02_l 5.8784 138.5347 102.9256 0.2948 0.7369 0.6015 0.0907  1.0000  1.0000  1.0000
thumb_03_l 3.3748 140.2151 103.6090 0.2889 0.7445 0.5887 0.1249  1.0000  1.0000  1.0000
pinky_metacarpal_l 9.5991 137.7380 96.7127 0.3483 0.8750 -0.3098 0.1303  1.0000  1.0000  1.0000
pinky_01_l 6.0018 140.3681 94.5055 0.2399 0.8746 -0.4130 0.0829  1.0000  1.0000  1.0000
pinky_02_l 2.6714 141.7107 93.1933 -0.0303 0.9056 -0.4227 0.0176  1.0000  1.0000  1.0000
pinky_03_l 0.6326 141.5682 93.1805 -0.3342 0.8525 -0.4013 0.0244  1.0000  1.0000  1.0000
ring_metacarpal_l 9.7034 138.0574 98.0134 0.4256 0.8818 -0.1753 0.1024  1.0000  1.0000  1.0000
ring_01_l 6.2153 142.1004 96.1478 0.2457 0.9269 -0.2761 0.0651  1.0000  1.0000  1.0000
ring_02_l 1.8731 144.1921 94.8698 -0.0835 0.9545 -0.2861 -0.0089  1.0000  1.0000  1.0000
ring_03_l -0.3641 143.8419 95.0168 -0.2758 0.9184 -0.2825 -0.0249  1.0000  1.0000  1.0000
upperarm_twist_01_l 20.7885 118.5115 123.3801 -0.3495 0.5131 0.1310 0.7729  1.0000  1.0000  1.0000
upperarm_twist_02_l 24.8257 117.0413 115.1806 -0.3498 0.5147 0.1304 0.7718  1.0000  1.0000  1.0000
clavicle_r -2.3367 116.1561 134.1461 0.9483 0.0853 0.1016 0.2882  1.0000  1.0000  1.0000
upperarm_r -19.5514 112.2260 131.5849 0.7503 0.1650 0.5165 0.3782  1.0000  1.0000  1.0000
lowerarm_r -31.0142 94.4683 113.4918 0.6688 -0.3780 0.6370 -0.0632  1.0000  1.0000  1.0000
lowerarm_twist_02_r -30.1295 99.7930 106.1859 0.6702 -0.3783 0.6355 -0.0626  1.0000  1.0000  1.0000
lowerarm_twist_01_r -29.2448 105.1178 98.8799 0.6702 -0.3783 0.6355 -0.0626  1.0000  1.0000  1.0000
hand_r -28.3552 110.4723 91.5331 0.2131 0.0965 0.7744 -0.5878  1.0000  1.0000  1.0000
pinky_metacarpal_r -27.8208 112.4930 87.9986 0.2376 0.3726 0.7013 -0.5594  1.0000  1.0000  1.0000
pinky_01_r -26.5214 115.5136 84.2683 0.1856 0.4425 0.6914 -0.5401  1.0000  1.0000  1.0000
pinky_02_r -25.1922 117.7411 81.4598 0.0956 0.5207 0.8278 -0.1859  1.0000  1.0000  1.0000
pinky_03_r -23.3270 118.1666 80.7407 0.0715 0.5404 0.8383 -0.0108  1.0000  1.0000  1.0000
ring_metacarpal_r -27.7264 113.1190 89.1836 0.2509 0.2265 0.7112 -0.6165  1.0000  1.0000  1.0000
ring_01_r -27.0811 117.4358 85.5859 0.1784 0.3363 0.7726 -0.5082  1.0000  1.0000  1.0000
ring_02_r -24.9872 120.7530 82.5077 0.0590 0.3996 0.9058 -0.1276  1.0000  1.0000  1.0000
ring_03_r -22.8076 121.1706 82.0338 0.0236 0.4129 0.9101 0.0266  1.0000  1.0000  1.0000
middle_metacarpal_r -27.5878 113.6509 90.3709 0.2325 0.0930 0.7324 -0.6332  1.0000  1.0000  1.0000
middle_01_r -27.0376 119.0529 87.5700 0.2203 0.2193 0.8475 -0.4302  1.0000  1.0000  1.0000
middle_02_r -24.2786 122.3290 84.6591 0.1581 0.2675 0.9293 -0.1995  1.0000  1.0000  1.0000
middle_03_r -22.1212 123.0384 83.6662 0.1613 0.2655 0.9268 -0.2110  1.0000  1.0000  1.0000
index_metacarpal_r -26.9876 114.4448 91.8311 0.2710 -0.0583 0.7639 -0.5827  1.0000  1.0000  1.0000
index_01_r -25.9623 119.8781 89.7917 0.3093 0.0160 0.8245 -0.4735  1.0000  1.0000  1.0000
index_02_r -24.4902 123.0296 87.6448 0.2994 0.0525 0.8812 -0.3621  1.0000  1.0000  1.0000
index_03_r -23.0382 124.6070 86.1741 0.3066 0.0427 0.8629 -0.3994  1.0000  1.0000  1.0000
thumb_01_r -26.0448 112.9426 92.5729 0.2814 -0.5696 0.6979 -0.3306  1.0000  1.0000  1.0000
thumb_02_r -23.3121 116.3726 92.5024 0.3537 -0.5432 0.6817 -0.3393  1.0000  1.0000  1.0000
thumb_03_r -21.7054 118.9905 92.1510 0.3975 -0.5121 0.6866 -0.3290  1.0000  1.0000  1.0000
upperarm_twist_01_r -23.3653 106.3178 125.5651 0.7514 0.1643 0.5149 0.3786  1.0000  1.0000  1.0000
upperarm_twist_02_r -27.1793 100.4096 119.5453 0.7503 0.1650 0.5165 0.3782  1.0000  1.0000  1.0000
thigh_r -8.2805 98.9012 83.9174 -0.6962 -0.3293 0.6307 0.0947  1.0000  1.0000  1.0000
calf_r -8.8250 123.9541 48.5547 -0.7697 -0.0290 0.6171 -0.1610  1.0000  1.0000  1.0000
foot_r 1.1636 117.4514 8.0541 -0.7439 -0.1154 0.6536 -0.0780  1.0000  1.0000  1.0000
ball_r -1.6598 132.7301 1.7139 -0.5865 0.4685 0.3869 -0.5356  1.0000  1.0000  1.0000
calf_twist_02_r -5.5431 121.7722 35.0451 -0.7681 -0.0294 0.6192 -0.1605  1.0000  1.0000  1.0000
calf_twist_01_r -2.2612 119.5903 21.5355 -0.7681 -0.0294 0.6192 -0.1605  1.0000  1.0000  1.0000
thigh_twist_01_r -8.4620 107.2522 72.1298 -0.6945 -0.3299 0.6324 0.0942  1.0000  1.0000  1.0000
thigh_twist_02_r -8.6435 115.6032 60.3422 -0.6945 -0.3299 0.6324 0.0942  1.0000  1.0000  1.0000
thigh_l 11.1203 101.6647 82.0719 -0.1744 -0.6630 0.0899 0.7225  1.0000  1.0000  1.0000
calf_l 6.5799 86.0127 41.9114 -0.5519 -0.4066 0.5236 0.5059  1.0000  1.0000  1.0000
foot_l 1.4660 44.7000 48.9443 -0.6778 -0.3273 0.5071 0.4198  1.0000  1.0000  1.0000
ball_l -0.6830 32.1308 38.0354 -0.7112 0.2526 0.6508 -0.0828  1.0000  1.0000  1.0000
calf_twist_02_l 4.9254 72.2351 44.2526 -0.5503 -0.4084 0.5244 0.5054  1.0000  1.0000  1.0000
calf_twist_01_l 3.2709 58.4575 46.5939 -0.5503 -0.4084 0.5244 0.5054  1.0000  1.0000  1.0000
thigh_twist_01_l 9.6069 96.4474 68.6850 -0.1738 -0.6648 0.0900 0.7209  1.0000  1.0000  1.0000
thigh_twist_02_l 8.0934 91.2300 55.2982 -0.1738 -0.6648 0.0900 0.7209  1.0000  1.0000  1.0000
ik_foot_root 0.0000 116.4901 0.0000 0.0000 0.0000 0.0000 1.0000  1.0000  1.0000  1.0000
ik_foot_l 14.7118 116.5315 8.1438 -0.0357 -0.7045 -0.0284 0.7082  1.0000  1.0000  1.0000
ik_foot_r -14.7118 116.5315 8.1438 0.7082 0.0284 -0.7045 0.0357  1.0000  1.0000  1.0000
ik_hand_root 0.0000 116.4901 0.0000 0.0000 0.0000 0.0000 1.0000  1.0000  1.0000  1.0000
ik_hand_gun -45.5549 130.8906 105.6407 -0.6084 -0.1793 -0.4613 0.6205  1.0000  1.0000  1.0000
ik_hand_l 45.5550 130.8904 105.6406 -0.6205 -0.4613 0.1793 -0.6084  1.0000  1.0000  1.0000
ik_hand_r -45.5549 130.8906 105.6407 -0.6084 -0.1793 -0.4613 0.6205  1.0000  1.0000  1.0000
interaction 0.0000 116.4901 0.0000 0.0000 0.0000 0.0000 1.0000  1.0000  1.0000  1.0000
center_of_mass 0.0000 116.4901 0.0000 0.0000 0.0000 0.0000 1.0000  1.0000  1.0000  1.0000
