root 0.0000 281.2601 0.0000 0.0000 0.0000 0.0000 1.0000  1.0000  1.0000  1.0000
pelvis -0.0012 269.7399 88.1150 -0.0428 -0.7368 -0.0067 0.6747  1.0000  1.0000  1.0000
spine_01 -0.3171 269.9388 91.7731 -0.2003 -0.6980 0.1323 0.6746  1.0000  1.0000  1.0000
spine_02 -0.3817 273.0606 97.8289 -0.2345 -0.6909 0.1056 0.6756  1.0000  1.0000  1.0000
spine_03 -0.2157 276.4453 104.2401 -0.2068 -0.6983 0.0445 0.6838  1.0000  1.0000  1.0000
spine_04 -0.0387 279.4318 112.2387 -0.1971 -0.6984 -0.0000 0.6880  1.0000  1.0000  1.0000
spine_05 0.4359 284.7829 130.9215 -0.1955 -0.6989 -0.0016 0.6880  1.0000  1.0000  1.0000
neck_01 0.5584 287.9258 142.4419 -0.3435 -0.6374 0.1208 0.6791  1.0000  1.0000  1.0000
neck_02 1.3685 291.0080 146.4488 -0.2963 -0.6482 0.1728 0.6799  1.0000  1.0000  1.0000
head 1.8609 294.0556 150.2825 -0.1208 -0.7125 0.1889 0.6648  1.0000  1.0000  1.0000
clavicle_l 1.1002 285.1368 136.7631 -0.2673 0.0213 -0.1577 0.9504  1.0000  1.0000  1.0000
upperarm_l 18.0393 279.5855 137.5463 -0.3591 0.4338 -0.4522 0.6917  1.0000  1.0000  1.0000
lowerarm_l 24.0141 253.5140 129.8852 0.1060 0.5531 0.2458 0.7890  1.0000  1.0000  1.0000
lowerarm_twist_02_l 26.4434 258.1019 122.4311 0.1051 0.5515 0.2458 0.7902  1.0000  1.0000  1.0000
lowerarm_twist_01_l 28.8727 262.6899 114.9771 0.1051 0.5515 0.2458 0.7902  1.0000  1.0000  1.0000
hand_l 31.3156 267.3035 107.4814 0.6828 0.6295 -0.1703 0.3293  1.0000  1.0000  1.0000
index_metacarpal_l 31.3499 271.4366 106.6713 0.6558 0.6336 -0.0279 0.4095  1.0000  1.0000  1.0000
index_01_l 32.5028 276.1994 103.3979 0.5914 0.6486 -0.1201 0.4639  1.0000  1.0000  1.0000
index_02_l 33.0330 278.8798 100.3577 0.5171 0.7109 -0.1679 0.4461  1.0000  1.0000  1.0000
index_03_l 32.8582 280.4019 98.2572 0.4608 0.7555 -0.1946 0.4231  1.0000  1.0000  1.0000
middle_metacarpal_l 31.8299 270.1480 105.5614 0.7176 0.5798 -0.1611 0.3506  1.0000  1.0000  1.0000
middle_01_l 33.5139 274.5421 101.6648 0.6242 0.6366 -0.3011 0.3383  1.0000  1.0000  1.0000
middle_02_l 33.5561 277.6027 97.4875 0.3945 0.7979 -0.3923 0.2318  1.0000  1.0000  1.0000
middle_03_l 32.1153 278.7121 95.8033 0.1348 0.8748 -0.4500 0.1186  1.0000  1.0000  1.0000
thumb_01_l 29.8655 270.5312 107.4914 0.3599 0.6775 0.4204 0.4845  1.0000  1.0000  1.0000
thumb_02_l 28.6749 274.4572 105.9397 0.3560 0.6523 0.3876 0.5454  1.0000  1.0000  1.0000
thumb_03_l 28.2064 277.2004 104.5928 0.3504 0.6488 0.3622 0.5701  1.0000  1.0000  1.0000
pinky_metacarpal_l 31.9630 268.3968 103.5770 0.6641 0.5278 -0.4374 0.2984  1.0000  1.0000  1.0000
pinky_01_l 32.2624 270.5851 99.1215 0.6046 0.5529 -0.5395 0.1943  1.0000  1.0000  1.0000
pinky_02_l 31.5230 272.3395 95.8062 0.3972 0.6915 -0.5985 0.0763  1.0000  1.0000  1.0000
pinky_03_l 30.1478 273.2755 94.6188 0.1050 0.7581 -0.6436 0.0035  1.0000  1.0000  1.0000
ring_metacarpal_l 31.9332 269.3088 104.5629 0.7072 0.5444 -0.2932 0.3428  1.0000  1.0000  1.0000
ring_01_l 33.2643 272.5270 100.1059 0.6012 0.6313 -0.4258 0.2424  1.0000  1.0000  1.0000
ring_02_l 32.4682 275.2823 96.0270 0.3475 0.7899 -0.4947 0.1027  1.0000  1.0000  1.0000
ring_03_l 30.7949 276.2977 94.8787 0.1723 0.8331 -0.5244 0.0354  1.0000  1.0000  1.0000
upperarm_twist_01_l 20.0272 270.9111 134.9973 -0.3601 0.4323 -0.4515 0.6925  1.0000  1.0000  1.0000
upperarm_twist_02_l 22.0151 262.2368 132.4484 -0.3591 0.4338 -0.4522 0.6917  1.0000  1.0000  1.0000
clavicle_r -0.6514 285.6263 136.6474 0.9506 -0.1730 -0.0136 0.2573  1.0000  1.0000  1.0000
upperarm_r -17.4196 291.6204 135.5220 0.7765 -0.2185 0.5295 0.2625  1.0000  1.0000  1.0000
lowerarm_r -26.9841 293.3235 109.4508 0.3939 -0.7039 0.5599 -0.1893  1.0000  1.0000  1.0000
lowerarm_twist_02_r -21.3706 300.2869 107.8656 0.3955 -0.7041 0.5585 -0.1897  1.0000  1.0000  1.0000
lowerarm_twist_01_r -15.7570 307.2502 106.2804 0.3955 -0.7041 0.5585 -0.1897  1.0000  1.0000  1.0000
hand_r -10.1120 314.2525 104.6862 -0.0550 -0.1831 0.8855 -0.4235  1.0000  1.0000  1.0000
pinky_metacarpal_r -7.8393 317.4281 103.4166 0.0457 0.0845 0.9115 -0.4000  1.0000  1.0000  1.0000
pinky_01_r -4.4784 321.0152 102.6662 0.0647 0.2092 0.9083 -0.3564  1.0000  1.0000  1.0000
pinky_02_r -1.6588 323.3874 101.6468 0.0923 0.2352 0.9668 0.0392  1.0000  1.0000  1.0000
pinky_03_r 0.3439 323.1437 101.3197 0.1255 0.2425 0.9375 0.2158  1.0000  1.0000  1.0000
ring_metacarpal_r -7.9010 317.0863 104.7145 0.0038 -0.0495 0.8833 -0.4662  1.0000  1.0000  1.0000
ring_01_r -4.7031 321.7466 104.9375 0.0168 0.0639 0.9480 -0.3112  1.0000  1.0000  1.0000
ring_02_r -0.6856 324.6785 104.5802 0.0337 0.0765 0.9888 0.1235  1.0000  1.0000  1.0000
ring_03_r 1.5093 324.1128 104.4717 0.0548 0.0831 0.9521 0.2891  1.0000  1.0000  1.0000
middle_metacarpal_r -7.9573 316.6611 105.9505 -0.0506 -0.1722 0.8581 -0.4811  1.0000  1.0000  1.0000
middle_01_r -4.7073 321.5994 107.4932 0.0423 -0.0915 0.9630 -0.2500  1.0000  1.0000  1.0000
middle_02_r -0.1947 324.1331 107.3078 0.0666 -0.0780 0.9946 0.0141  1.0000  1.0000  1.0000
middle_03_r 2.2611 324.0895 106.9742 0.0668 -0.0782 0.9946 0.0120  1.0000  1.0000  1.0000
index_metacarpal_r -7.5977 316.0285 107.5609 -0.0350 -0.3331 0.8255 -0.4543  1.0000  1.0000  1.0000
index_01_r -4.1514 320.3112 109.6852 0.0533 -0.3018 0.8888 -0.3407  1.0000  1.0000  1.0000
index_02_r -1.0360 322.9183 110.1384 0.0879 -0.2948 0.9279 -0.2108  1.0000  1.0000  1.0000
index_03_r 1.2928 324.0699 110.0373 0.0811 -0.2961 0.9182 -0.2502  1.0000  1.0000  1.0000
thumb_01_r -7.5214 314.1649 107.0951 -0.0478 -0.7951 0.5326 -0.2863  1.0000  1.0000  1.0000
thumb_02_r -3.8747 315.1694 109.3153 0.0258 -0.7811 0.5366 -0.3181  1.0000  1.0000  1.0000
thumb_03_r -1.4127 316.3495 110.7660 0.0796 -0.7653 0.5543 -0.3175  1.0000  1.0000  1.0000
upperarm_twist_01_r -20.6019 292.1871 126.8478 0.7776 -0.2189 0.5279 0.2621  1.0000  1.0000  1.0000
upperarm_twist_02_r -23.7842 292.7539 118.1737 0.7765 -0.2185 0.5295 0.2625  1.0000  1.0000  1.0000
thigh_r -9.5316 270.3102 84.3948 0.7196 -0.0428 -0.6713 0.1727  1.0000  1.0000  1.0000
calf_r -5.4066 257.5961 43.1661 0.5350 -0.4831 -0.4161 0.5543  1.0000  1.0000  1.0000
foot_r 2.4870 216.2982 46.9780 0.4382 -0.4414 -0.3951 0.6761  1.0000  1.0000  1.0000
ball_r 2.8390 205.3455 34.2689 -0.0270 -0.6158 0.1952 0.7628  1.0000  1.0000  1.0000
calf_twist_02_r -2.8251 243.8205 44.4347 0.5344 -0.4839 -0.4180 0.5527  1.0000  1.0000  1.0000
calf_twist_01_r -0.2435 230.0449 45.7034 0.5344 -0.4839 -0.4180 0.5527  1.0000  1.0000  1.0000
thigh_twist_01_r -8.1566 266.0722 70.6519 0.7179 -0.0429 -0.6731 0.1723  1.0000  1.0000  1.0000
thigh_twist_02_r -6.7816 261.8341 56.9090 0.7179 -0.0429 -0.6731 0.1723  1.0000  1.0000  1.0000
thigh_l 10.0276 268.9808 86.1558 0.1903 -0.6306 -0.3292 0.6766  1.0000  1.0000  1.0000
calf_l 10.5482 298.6920 54.6052 -0.0295 -0.6580 -0.0863 0.7475  1.0000  1.0000  1.0000
foot_l 5.5182 302.4965 12.8610 -0.0564 -0.6504 0.0149 0.7574  1.0000  1.0000  1.0000
ball_l 4.6851 316.9939 4.4505 -0.4365 -0.4765 0.4825 0.5912  1.0000  1.0000  1.0000
calf_twist_02_l 8.9211 299.9522 40.6839 -0.0291 -0.6599 -0.0870 0.7457  1.0000  1.0000  1.0000
calf_twist_01_l 7.2940 301.2124 26.7625 -0.0291 -0.6599 -0.0870 0.7457  1.0000  1.0000  1.0000
thigh_twist_01_l 10.2012 278.8845 75.6389 0.1898 -0.6322 -0.3300 0.6749  1.0000  1.0000  1.0000
thigh_twist_02_l 10.3747 288.7883 65.1221 0.1898 -0.6322 -0.3300 0.6749  1.0000  1.0000  1.0000
ik_foot_root 0.0000 281.2601 0.0000 0.0000 0.0000 0.0000 1.0000  1.0000  1.0000  1.0000
ik_foot_l 14.7118 281.3015 8.1438 -0.0357 -0.7045 -0.0284 0.7082  1.0000  1.0000  1.0000
ik_foot_r -14.7118 281.3015 8.1438 0.7082 0.0284 -0.7045 0.0357  1.0000  1.0000  1.0000
ik_hand_root 0.0000 281.2601 0.0000 0.0000 0.0000 0.0000 1.0000  1.0000  1.0000  1.0000
ik_hand_gun -45.5549 295.6606 105.6407 -0.6084 -0.1793 -0.4613 0.6205  1.0000  1.0000  1.0000
ik_hand_l 45.5550 295.6605 105.6406 -0.6205 -0.4613 0.1793 -0.6084  1.0000  1.0000  1.0000
ik_hand_r -45.5549 295.6606 105.6407 -0.6084 -0.1793 -0.4613 0.6205  1.0000  1.0000  1.0000
interaction 0.0000 281.2601 0.0000 0.0000 0.0000 0.0000 1.0000  1.0000  1.0000  1.0000
center_of_mass 0.0000 281.2601 0.0000 0.0000 0.0000 0.0000 1.0000  1.0000  1.0000  1.0000
