root 0.0000 0.0000 0.0000 0.0000 0.0000 0.0000 1.0000  1.0000  1.0000  1.0000
pelvis -1.2445 -10.4059 85.8937 -0.0377 -0.7439 0.0024 0.6672  1.0000  1.0000  1.0000
spine_01 -1.6377 -10.1880 89.5432 -0.2071 -0.6968 0.1449 0.6713  1.0000  1.0000  1.0000
spine_02 -1.7257 -6.8968 95.5083 -0.2122 -0.6847 0.1539 0.6800  1.0000  1.0000  1.0000
spine_03 -1.6175 -3.2716 101.7879 -0.1702 -0.6916 0.1099 0.6933  1.0000  1.0000  1.0000
spine_04 -1.4537 0.0395 109.6580 -0.1435 -0.6929 0.0804 0.7020  1.0000  1.0000  1.0000
spine_05 -0.9316 6.0998 128.1216 -0.1420 -0.6932 0.0788 0.7022  1.0000  1.0000  1.0000
neck_01 -0.8773 9.5265 139.5617 -0.2740 -0.6485 0.2177 0.6760  1.0000  1.0000  1.0000
neck_02 -0.5489 12.8532 143.4396 -0.2644 -0.6565 0.2448 0.6627  1.0000  1.0000  1.0000
head -0.4598 16.1585 147.0858 -0.1194 -0.7097 0.1496 0.6780  1.0000  1.0000  1.0000
clavicle_l -0.0814 6.7322 133.9151 -0.2861 0.1140 -0.0543 0.9499  1.0000  1.0000  1.0000
upperarm_l 17.1924 3.7283 130.6055 -0.3177 0.5444 -0.2206 0.7444  1.0000  1.0000  1.0000
lowerarm_l 25.8179 -15.0321 111.9571 0.2118 0.5936 0.4273 0.6482  1.0000  1.0000  1.0000
lowerarm_twist_02_l 25.1820 -7.7162 106.6104 0.2113 0.5921 0.4273 0.6497  1.0000  1.0000  1.0000
lowerarm_twist_01_l 24.5461 -0.4004 101.2637 0.2113 0.5921 0.4273 0.6497  1.0000  1.0000  1.0000
hand_l 23.9066 6.9564 95.8871 0.6785 0.7252 -0.0528 0.1046  1.0000  1.0000  1.0000
index_metacarpal_l 23.4085 10.9394 97.1627 0.6849 0.7003 0.0934 0.1783  1.0000  1.0000  1.0000
index_01_l 23.4189 16.7887 96.4447 0.6287 0.7349 0.0140 0.2539  1.0000  1.0000  1.0000
index_02_l 23.0900 20.5949 94.9911 0.5471 0.7981 -0.0110 0.2522  1.0000  1.0000  1.0000
index_03_l 22.3773 22.8508 93.9130 0.4849 0.8402 -0.0220 0.2417  1.0000  1.0000  1.0000
middle_metacarpal_l 23.7506 10.4030 95.5141 0.7213 0.6795 -0.0578 0.1207  1.0000  1.0000  1.0000
middle_01_l 24.1769 16.3072 94.0022 0.6137 0.7571 -0.1761 0.1385  1.0000  1.0000  1.0000
middle_02_l 23.0982 20.8667 91.7965 0.3511 0.9086 -0.2110 0.0816  1.0000  1.0000  1.0000
middle_03_l 21.2636 22.3627 91.0618 0.0669 0.9700 -0.2317 0.0311  1.0000  1.0000  1.0000
thumb_01_l 22.2175 9.5134 97.6563 0.4579 0.6220 0.5672 0.2858  1.0000  1.0000  1.0000
thumb_02_l 20.3876 13.4341 98.3754 0.4685 0.6105 0.5346 0.3492  1.0000  1.0000  1.0000
thumb_03_l 19.4071 16.3573 98.6055 0.4679 0.6146 0.5121 0.3756  1.0000  1.0000  1.0000
pinky_metacarpal_l 23.6089 9.7978 92.9381 0.6349 0.6878 -0.3351 0.1072  1.0000  1.0000  1.0000
pinky_01_l 22.7599 13.7838 90.0885 0.5424 0.7193 -0.4330 0.0307  1.0000  1.0000  1.0000
pinky_02_l 21.1933 16.6655 88.1243 0.3023 0.8414 -0.4458 -0.0431  1.0000  1.0000  1.0000
pinky_03_l 19.5306 17.7838 87.7217 -0.0026 0.8907 -0.4521 -0.0477  1.0000  1.0000  1.0000
ring_metacarpal_l 23.7110 10.1416 94.2328 0.6995 0.6759 -0.1932 0.1281  1.0000  1.0000  1.0000
ring_01_l 23.7763 15.2106 91.7240 0.5569 0.7717 -0.3011 0.0600  1.0000  1.0000  1.0000
ring_02_l 21.9190 19.3166 89.5901 0.2654 0.9108 -0.3151 -0.0248  1.0000  1.0000  1.0000
ring_03_l 19.9723 20.4492 89.3130 0.0781 0.9423 -0.3216 -0.0498  1.0000  1.0000  1.0000
upperarm_twist_01_l 20.0622 -2.5135 124.4009 -0.3182 0.5428 -0.2200 0.7455  1.0000  1.0000  1.0000
upperarm_twist_02_l 22.9320 -8.7553 118.1964 -0.3177 0.5444 -0.2206 0.7444  1.0000  1.0000  1.0000
clavicle_r -1.8968 6.8833 133.8783 0.9604 -0.0507 -0.0174 0.2736  1.0000  1.0000  1.0000
upperarm_r -19.6371 8.7907 133.9808 0.7559 -0.0154 0.5677 0.3257  1.0000  1.0000  1.0000
lowerarm_r -29.5153 -0.8493 109.8234 0.5813 -0.4835 0.6469 -0.0994  1.0000  1.0000  1.0000
lowerarm_twist_02_r -26.7498 5.4246 103.8649 0.5828 -0.4838 0.6454 -0.0991  1.0000  1.0000  1.0000
lowerarm_twist_01_r -23.9844 11.6985 97.9064 0.5828 -0.4838 0.6454 -0.0991  1.0000  1.0000  1.0000
hand_r -21.2035 18.0074 91.9145 0.1886 0.0031 0.8490 -0.4936  1.0000  1.0000  1.0000
pinky_metacarpal_r -20.1553 20.3183 88.6860 0.2513 0.2784 0.7930 -0.4801  1.0000  1.0000  1.0000
pinky_01_r -18.1033 23.4092 85.3752 0.2149 0.3634 0.7819 -0.4587  1.0000  1.0000  1.0000
pinky_02_r -16.2423 25.5545 82.8157 0.1604 0.4475 0.8757 -0.0847  1.0000  1.0000  1.0000
pinky_03_r -14.3329 25.5641 82.0867 0.1506 0.4716 0.8640 0.0919  1.0000  1.0000  1.0000
ring_metacarpal_r -19.8950 20.7135 89.9434 0.2406 0.1308 0.7995 -0.5346  1.0000  1.0000  1.0000
ring_01_r -18.1269 25.1927 86.9760 0.1943 0.2504 0.8538 -0.4130  1.0000  1.0000  1.0000
ring_02_r -15.2178 28.2238 84.2903 0.1119 0.3243 0.9393 -0.0069  1.0000  1.0000  1.0000
ring_03_r -13.0056 28.0885 83.8033 0.0888 0.3436 0.9223 0.1527  1.0000  1.0000  1.0000
middle_metacarpal_r -19.6172 21.0071 91.1877 0.2036 -0.0003 0.8130 -0.5455  1.0000  1.0000  1.0000
middle_01_r -17.6494 26.4270 89.1674 0.2258 0.1228 0.9085 -0.3293  1.0000  1.0000  1.0000
middle_02_r -14.1224 29.2387 86.6233 0.1879 0.1756 0.9625 -0.0857  1.0000  1.0000  1.0000
middle_03_r -11.8552 29.4839 85.6519 0.1899 0.1734 0.9615 -0.0969  1.0000  1.0000  1.0000
index_metacarpal_r -18.8240 21.3881 92.7203 0.2253 -0.1568 0.8259 -0.4926  1.0000  1.0000  1.0000
index_01_r -16.3886 26.5991 91.4376 0.2813 -0.0929 0.8760 -0.3805  1.0000  1.0000  1.0000
index_02_r -14.1319 29.5381 89.7121 0.2855 -0.0587 0.9197 -0.2631  1.0000  1.0000  1.0000
index_03_r -12.3156 30.8833 88.4272 0.2882 -0.0685 0.9057 -0.3032  1.0000  1.0000  1.0000
thumb_01_r -18.3153 19.5973 93.2000 0.1849 -0.6563 0.6884 -0.2474  1.0000  1.0000  1.0000
thumb_02_r -14.7660 22.1556 93.5072 0.2589 -0.6389 0.6746 -0.2640  1.0000  1.0000  1.0000
thumb_03_r -12.5195 24.2794 93.4701 0.3070 -0.6144 0.6798 -0.2571  1.0000  1.0000  1.0000
upperarm_twist_01_r -22.9238 5.5834 125.9433 0.7571 -0.0160 0.5660 0.3258  1.0000  1.0000  1.0000
upperarm_twist_02_r -26.2105 2.3761 117.9058 0.7559 -0.0154 0.5677 0.3257  1.0000  1.0000  1.0000
thigh_r -10.7079 -10.0555 81.9801 0.7475 -0.0068 -0.6611 0.0650  1.0000  1.0000  1.0000
calf_r -5.2504 -14.2200 39.1860 0.4260 -0.6142 -0.3285 0.5773  1.0000  1.0000  1.0000
foot_r -4.0036 -52.3297 57.3093 0.3698 -0.5298 -0.4043 0.6473  1.0000  1.0000  1.0000
ball_r -4.6947 -64.8064 46.1083 -0.0965 -0.6388 0.1523 0.7480  1.0000  1.0000  1.0000
calf_twist_02_r -4.8848 -26.9277 45.2211 0.4258 -0.6152 -0.3302 0.5755  1.0000  1.0000  1.0000
calf_twist_01_r -4.5193 -39.6353 51.2562 0.4258 -0.6152 -0.3302 0.5755  1.0000  1.0000  1.0000
thigh_twist_01_r -8.8887 -11.4437 67.7154 0.7459 -0.0066 -0.6629 0.0647  1.0000  1.0000  1.0000
thigh_twist_02_r -7.0695 -12.8319 53.4507 0.7459 -0.0066 -0.6629 0.0647  1.0000  1.0000  1.0000
thigh_l 8.8349 -10.9747 84.1405 0.0052 -0.6889 -0.2389 0.6844  1.0000  1.0000  1.0000
calf_l 11.5750 3.5080 43.3825 -0.3436 -0.5971 0.1397 0.7113  1.0000  1.0000  1.0000
foot_l 1.1035 -22.2046 11.5775 -0.1573 -0.6382 0.0227 0.7532  1.0000  1.0000  1.0000
ball_l 1.8289 -9.2717 0.9088 -0.5503 -0.3596 0.5299 0.5358  1.0000  1.0000  1.0000
calf_twist_02_l 8.1324 -5.0791 32.7783 -0.3427 -0.5992 0.1398 0.7099  1.0000  1.0000  1.0000
calf_twist_01_l 4.6898 -13.6663 22.1741 -0.3427 -0.5992 0.1398 0.7099  1.0000  1.0000  1.0000
thigh_twist_01_l 9.7483 -6.1471 70.5545 0.0049 -0.6905 -0.2392 0.6826  1.0000  1.0000  1.0000
thigh_twist_02_l 10.6617 -1.3196 56.9685 0.0049 -0.6905 -0.2392 0.6826  1.0000  1.0000  1.0000
ik_foot_root 0.0000 0.0000 0.0000 0.0000 0.0000 0.0000 1.0000  1.0000  1.0000  1.0000
ik_foot_l 14.7118 0.0415 8.1438 -0.0357 -0.7045 -0.0284 0.7082  1.0000  1.0000  1.0000
ik_foot_r -14.7118 0.0414 8.1438 0.7082 0.0284 -0.7045 0.0357  1.0000  1.0000  1.0000
ik_hand_root 0.0000 0.0000 0.0000 0.0000 0.0000 0.0000 1.0000  1.0000  1.0000  1.0000
ik_hand_gun -45.5549 14.4006 105.6407 -0.6084 -0.1793 -0.4613 0.6205  1.0000  1.0000  1.0000
ik_hand_l 45.5550 14.4004 105.6406 -0.6205 -0.4613 0.1793 -0.6084  1.0000  1.0000  1.0000
ik_hand_r -45.5549 14.4006 105.6407 -0.6084 -0.1793 -0.4613 0.6205  1.0000  1.0000  1.0000
interaction 0.0000 0.0000 0.0000 0.0000 0.0000 0.0000 1.0000  1.0000  1.0000  1.0000
center_of_mass 0.0000 0.0000 0.0000 0.0000 0.0000 0.0000 1.0000  1.0000  1.0000  1.0000
