root 0.0000 206.4959 0.0000 0.0000 0.0000 0.0000 1.0000  1.0000  1.0000  1.0000
pelvis 1.6182 192.5410 84.1883 0.0543 -0.7193 0.1260 0.6810  1.0000  1.0000  1.0000
spine_01 1.3731 192.8850 87.8410 -0.0975 -0.7118 0.2641 0.6435  1.0000  1.0000  1.0000
spine_02 0.3315 196.1470 93.7315 -0.1580 -0.7197 0.2031 0.6448  1.0000  1.0000  1.0000
spine_03 -0.5277 199.6956 99.9970 -0.1389 -0.7235 0.1272 0.6641  1.0000  1.0000  1.0000
spine_04 -1.2054 202.8557 107.9016 -0.1381 -0.7234 0.0670 0.6732  1.0000  1.0000  1.0000
spine_05 -2.2840 208.4914 126.4752 -0.1364 -0.7237 0.0655 0.6733  1.0000  1.0000  1.0000
neck_01 -2.9143 211.8434 137.9188 -0.3128 -0.6757 0.1400 0.6527  1.0000  1.0000  1.0000
neck_02 -2.6697 214.9433 141.9861 -0.2864 -0.6656 0.1755 0.6665  1.0000  1.0000  1.0000
head -2.4120 217.9712 145.8582 -0.0976 -0.7196 0.1490 0.6712  1.0000  1.0000  1.0000
clavicle_l -1.7903 209.0773 132.3156 -0.2426 -0.0253 -0.1104 0.9635  1.0000  1.0000  1.0000
upperarm_l 15.5949 205.5011 134.1418 -0.4645 0.3740 -0.3760 0.7092  1.0000  1.0000  1.0000
lowerarm_l 27.7666 180.9950 129.1005 -0.0401 0.5950 0.2665 0.7572  1.0000  1.0000  1.0000
lowerarm_twist_02_l 29.1296 184.2275 120.7215 -0.0409 0.5933 0.2668 0.7583  1.0000  1.0000  1.0000
lowerarm_twist_01_l 30.4925 187.4600 112.3426 -0.0409 0.5933 0.2668 0.7583  1.0000  1.0000  1.0000
hand_l 31.8630 190.7106 103.9168 0.5503 0.7084 -0.2614 0.3564  1.0000  1.0000  1.0000
index_metacarpal_l 30.7734 194.4678 102.3559 0.5281 0.7320 -0.1103 0.4161  1.0000  1.0000  1.0000
index_01_l 30.2081 198.4831 98.0796 0.4711 0.7182 -0.1748 0.4814  1.0000  1.0000  1.0000
index_02_l 29.8290 200.5610 94.5800 0.4140 0.7514 -0.2121 0.4680  1.0000  1.0000  1.0000
index_03_l 29.2592 201.6626 92.2950 0.3799 0.7736 -0.2295 0.4522  1.0000  1.0000  1.0000
middle_metacarpal_l 31.3641 193.0818 101.4326 0.5886 0.6664 -0.2480 0.3847  1.0000  1.0000  1.0000
middle_01_l 31.2957 196.7090 96.5168 0.4956 0.6867 -0.3714 0.3807  1.0000  1.0000  1.0000
middle_02_l 30.1623 198.7691 91.9027 0.2788 0.7988 -0.4644 0.2618  1.0000  1.0000  1.0000
middle_03_l 28.4087 199.2702 90.2242 0.0464 0.8401 -0.5222 0.1389  1.0000  1.0000  1.0000
thumb_01_l 29.7014 193.4966 103.6221 0.2684 0.7951 0.3642 0.4038  1.0000  1.0000  1.0000
thumb_02_l 27.3777 196.6590 101.6631 0.2709 0.7676 0.3494 0.4640  1.0000  1.0000  1.0000
thumb_03_l 26.0708 198.9474 100.0462 0.2742 0.7593 0.3356 0.4854  1.0000  1.0000  1.0000
pinky_metacarpal_l 31.5935 190.9847 99.8289 0.5215 0.5750 -0.5150 0.3635  1.0000  1.0000  1.0000
pinky_01_l 30.6394 192.1054 95.0788 0.4663 0.5764 -0.6185 0.2605  1.0000  1.0000  1.0000
pinky_02_l 28.9978 192.9284 91.7255 0.2553 0.6730 -0.6839 0.1188  1.0000  1.0000  1.0000
pinky_03_l 27.2782 193.2986 90.6849 -0.0342 0.6959 -0.7171 0.0183  1.0000  1.0000  1.0000
ring_metacarpal_l 31.5043 192.0739 100.6102 0.5708 0.6156 -0.3740 0.3941  1.0000  1.0000  1.0000
ring_01_l 31.2903 194.3817 95.4507 0.4664 0.6634 -0.5050 0.2955  1.0000  1.0000  1.0000
ring_02_l 29.3444 195.9795 91.1468 0.2181 0.7726 -0.5816 0.1313  1.0000  1.0000  1.0000
ring_03_l 27.3692 196.3975 90.1107 0.0558 0.7898 -0.6086 0.0521  1.0000  1.0000  1.0000
upperarm_twist_01_l 19.6446 197.3476 132.4645 -0.4653 0.3725 -0.3751 0.7100  1.0000  1.0000  1.0000
upperarm_twist_02_l 23.6943 189.1941 130.7872 -0.4645 0.3740 -0.3760 0.7092  1.0000  1.0000  1.0000
clavicle_r -3.6014 209.2470 132.1636 0.9598 -0.1633 -0.0367 0.2254  1.0000  1.0000  1.0000
upperarm_r -20.4451 215.1346 132.1072 0.7460 -0.3458 0.5691 -0.0053  1.0000  1.0000  1.0000
lowerarm_r -23.5950 229.6557 108.5848 0.2447 -0.7850 0.3782 -0.4252  1.0000  1.0000  1.0000
lowerarm_twist_02_r -18.8843 236.0671 112.9684 0.2463 -0.7846 0.3770 -0.4260  1.0000  1.0000  1.0000
lowerarm_twist_01_r -14.1737 242.4785 117.3520 0.2463 -0.7846 0.3770 -0.4260  1.0000  1.0000  1.0000
hand_r -9.4367 248.9259 121.7602 -0.3547 -0.3347 0.7452 -0.4548  1.0000  1.0000  1.0000
pinky_metacarpal_r -7.5307 252.1665 123.4115 -0.2705 -0.0932 0.8683 -0.4051  1.0000  1.0000  1.0000
pinky_01_r -4.9180 255.4144 126.1229 -0.2380 0.0207 0.9094 -0.3406  1.0000  1.0000  1.0000
pinky_02_r -2.4150 257.8204 127.7238 -0.1140 -0.0540 0.9916 0.0277  1.0000  1.0000  1.0000
pinky_03_r -0.4275 257.6828 128.1798 -0.0266 -0.0754 0.9788 0.1886  1.0000  1.0000  1.0000
ring_metacarpal_r -8.0088 251.1711 124.1768 -0.3169 -0.1978 0.7922 -0.4826  1.0000  1.0000  1.0000
ring_01_r -6.1235 254.7869 128.0969 -0.2708 -0.1411 0.9001 -0.3109  1.0000  1.0000  1.0000
ring_02_r -2.8320 257.1963 130.9646 -0.1380 -0.2317 0.9577 0.1001  1.0000  1.0000  1.0000
ring_03_r -0.6946 256.6163 131.4592 -0.0603 -0.2492 0.9314 0.2584  1.0000  1.0000  1.0000
middle_metacarpal_r -8.4421 250.1398 124.8553 -0.3616 -0.3041 0.7214 -0.5064  1.0000  1.0000  1.0000
middle_01_r -7.0631 253.2598 129.9241 -0.2253 -0.3048 0.8796 -0.2875  1.0000  1.0000  1.0000
middle_02_r -3.2661 255.1674 132.8843 -0.1254 -0.3575 0.9252 -0.0233  1.0000  1.0000  1.0000
middle_03_r -0.8682 255.0522 133.5009 -0.1161 -0.3600 0.9257 -0.0040  1.0000  1.0000  1.0000
index_metacarpal_r -8.5994 248.7104 125.8824 -0.3258 -0.4501 0.6495 -0.5190  1.0000  1.0000  1.0000
index_01_r -7.1325 250.9548 131.1304 -0.2196 -0.4696 0.7510 -0.4091  1.0000  1.0000  1.0000
index_02_r -4.8074 252.6233 134.0489 -0.1470 -0.5055 0.8056 -0.2718  1.0000  1.0000  1.0000
index_03_r -2.7040 253.3754 135.3792 -0.1522 -0.5030 0.8024 -0.2826  1.0000  1.0000  1.0000
thumb_01_r -7.9854 247.4082 124.6084 -0.2051 -0.8356 0.2481 -0.4451  1.0000  1.0000  1.0000
thumb_02_r -5.7061 246.8738 128.3173 -0.1352 -0.8161 0.2772 -0.4887  1.0000  1.0000  1.0000
thumb_03_r -4.2041 247.0290 131.0151 -0.0770 -0.8052 0.3156 -0.4961  1.0000  1.0000  1.0000
upperarm_twist_01_r -21.4932 219.9660 124.2810 0.7473 -0.3457 0.5675 -0.0059  1.0000  1.0000  1.0000
upperarm_twist_02_r -22.5413 224.7974 116.4549 0.7460 -0.3458 0.5691 -0.0053  1.0000  1.0000  1.0000
thigh_r -7.7140 189.8204 80.9476 0.6695 0.0388 -0.7124 0.2067  1.0000  1.0000  1.0000
calf_r -8.4996 179.3031 38.9091 0.6359 -0.2129 -0.5846 0.4567  1.0000  1.0000  1.0000
foot_r 1.0411 145.3312 15.7307 0.7086 -0.0925 -0.6095 0.3433  1.0000  1.0000  1.0000
ball_r -1.1587 153.0663 1.0019 0.5021 -0.5130 -0.2625 0.6448  1.0000  1.0000  1.0000
calf_twist_02_r -5.3669 167.9624 31.1881 0.6347 -0.2133 -0.5866 0.4556  1.0000  1.0000  1.0000
calf_twist_01_r -2.2341 156.6216 23.4670 0.6347 -0.2133 -0.5866 0.4556  1.0000  1.0000  1.0000
thigh_twist_01_r -7.9759 186.3146 66.9348 0.6677 0.0386 -0.7142 0.2065  1.0000  1.0000  1.0000
thigh_twist_02_r -8.2377 182.8089 52.9220 0.6677 0.0386 -0.7142 0.2065  1.0000  1.0000  1.0000
thigh_l 11.3006 194.8435 81.7506 0.3568 -0.6147 -0.2834 0.6439  1.0000  1.0000  1.0000
calf_l 7.6721 229.6718 56.2106 -0.3143 -0.6374 0.3792 0.5925  1.0000  1.0000  1.0000
foot_l 11.9032 193.7823 34.3842 -0.2755 -0.7459 0.2309 0.5607  1.0000  1.0000  1.0000
ball_l 15.2385 200.3672 19.3136 -0.7240 -0.3670 0.5280 0.2496  1.0000  1.0000  1.0000
calf_twist_02_l 9.1328 217.7143 48.9356 -0.3128 -0.6392 0.3794 0.5913  1.0000  1.0000  1.0000
calf_twist_01_l 10.5934 205.7568 41.6607 -0.3128 -0.6392 0.3794 0.5913  1.0000  1.0000  1.0000
thigh_twist_01_l 10.0911 206.4530 73.2373 0.3563 -0.6161 -0.2846 0.6422  1.0000  1.0000  1.0000
thigh_twist_02_l 8.8816 218.0624 64.7239 0.3563 -0.6161 -0.2846 0.6422  1.0000  1.0000  1.0000
ik_foot_root 0.0000 206.4959 0.0000 0.0000 0.0000 0.0000 1.0000  1.0000  1.0000  1.0000
ik_foot_l 14.7118 206.5373 8.1438 -0.0357 -0.7045 -0.0284 0.7082  1.0000  1.0000  1.0000
ik_foot_r -14.7118 206.5373 8.1438 0.7082 0.0284 -0.7045 0.0357  1.0000  1.0000  1.0000
ik_hand_root 0.0000 206.4959 0.0000 0.0000 0.0000 0.0000 1.0000  1.0000  1.0000  1.0000
ik_hand_gun -45.5549 220.8965 105.6407 -0.6084 -0.1793 -0.4613 0.6205  1.0000  1.0000  1.0000
ik_hand_l 45.5550 220.8963 105.6406 -0.6205 -0.4613 0.1793 -0.6084  1.0000  1.0000  1.0000
ik_hand_r -45.5549 220.8965 105.6407 -0.6084 -0.1793 -0.4613 0.6205  1.0000  1.0000  1.0000
interaction 0.0000 206.4959 0.0000 0.0000 0.0000 0.0000 1.0000  1.0000  1.0000  1.0000
center_of_mass 0.0000 206.4959 0.0000 0.0000 0.0000 0.0000 1.0000  1.0000  1.0000  1.0000
